    Origin        21
Class 1's a bounds are:77.3235------>100
Destination  Low Bound  Up Bound Demands of this class
         1       100       100         0
         2       100       100         0
         3       100       100         0
         4       100       100         0
         5       100       100         0
         6       100       100         0
         7       100       100         0
         8       100       100         0
         9       100       100         0
        10       100       100         0
        11       100       100         0
        12       100       100         0
        13       100       100         0
        14       100       100         0
        15       100       100         0
        16   77.3235       100  0.241265
        17   77.3235       100  0.241265
        18       100       100         0
        19       100       100         0
        20       100       100         0
        21       100       100         0
        22       100       100         0
        23       100       100         0
        24       100       100         0
Class 2's a bounds are:53.3211------>77.3235
Destination  Low Bound  Up Bound Demands of this class
         1       100       100         0
         2       100       100         0
         3       100       100         0
         4       100       100         0
         5       100       100         0
         6       100       100         0
         7       100       100         0
         8   53.3211       100  0.286274
         9   53.3211       100  0.214706
        10       100       100         0
        11       100       100         0
        12       100       100         0
        13       100       100         0
        14       100       100         0
        15       100       100         0
        16   77.3235   77.3235         0
        17   77.3235   77.3235         0
        18       100       100         0
        19       100       100         0
        20       100       100         0
        21       100       100         0
        22       100       100         0
        23       100       100         0
        24       100       100         0
Class 3's a bounds are:39.4762------>53.3211
Destination  Low Bound  Up Bound Demands of this class
         1       100       100         0
         2       100       100         0
         3       100       100         0
         4       100       100         0
         5       100       100         0
         6       100       100         0
         7       100       100         0
         8   53.3211   53.3211         0
         9   53.3211   53.3211         0
        10   39.4762       100     1.013
        11   39.4762       100  0.337665
        12       100       100         0
        13       100       100         0
        14       100       100         0
        15       100       100         0
        16   77.3235   77.3235         0
        17   77.3235   77.3235         0
        18       100       100         0
        19       100       100         0
        20       100       100         0
        21       100       100         0
        22       100       100         0
        23       100       100         0
        24       100       100         0
Class 4's a bounds are:5.4278------>39.4762
Destination  Low Bound  Up Bound Demands of this class
         1       100       100         0
         2       100       100         0
         3       100       100         0
         4       100       100         0
         5       100       100         0
         6       100       100         0
         7       100       100         0
         8   53.3211   53.3211         0
         9   53.3211   53.3211         0
        10   39.4762   39.4762         0
        11   39.4762   39.4762         0
        12       100       100         0
        13       100       100         0
        14    5.4278       100  0.398822
        15       100       100         0
        16   77.3235   77.3235         0
        17   77.3235   77.3235         0
        18       100       100         0
        19       100       100         0
        20       100       100         0
        21       100       100         0
        22    5.4278       100    1.7947
        23    5.4278       100  0.697938
        24       100       100         0
Class 4's a bounds are:0------>5.4278
Destination Low Bound  Up Bound Demands of this class
         1         0       100       0.1
         2         0       100         0
         3         0       100         0
         4         0       100       0.2
         5         0       100       0.1
         6         0       100       0.1
         7         0       100       0.2
         8         0   53.3211  0.113726
         9         0   53.3211 0.0852942
        10         0   39.4762  0.187004
        11         0   39.4762 0.0623348
        12         0       100       0.3
        13         0       100       0.6
        14         0    5.42780.00117844
        15         0       100       0.8
        16         0   77.3235  0.358735
        17         0   77.3235  0.358735
        18         0       100       0.1
        19         0       100       0.4
        20         0       100       1.2
        21       100       100         0
        22         0    5.42780.00530298
        23         0    5.42780.00206227
        24         0       100       0.5

--------------Summary for Origin 21 --------------------- 

Destination        Class Number        Range of calss: Trips 
         1                   1                   0-->100 : 0.1                   
         2                   0                   
         3                   0                   
         4                   1                   0-->100 : 0.2                   
         5                   1                   0-->100 : 0.1                   
         6                   1                   0-->100 : 0.1                   
         7                   1                   0-->100 : 0.2                   
         8                   2                   0-->53.3211 : 0.113726             53.3211-->100 : 0.286274                   
         9                   2                   0-->53.3211 : 0.0852942             53.3211-->100 : 0.214706                   
        10                   2                   0-->39.4762 : 0.187004             39.4762-->100 : 1.013                   
        11                   2                   0-->39.4762 : 0.0623348             39.4762-->100 : 0.337665                   
        12                   1                   0-->100 : 0.3                   
        13                   1                   0-->100 : 0.6                   
        14                   2                   0-->5.4278 : 0.00117844              5.4278-->100 : 0.398822                   
        15                   1                   0-->100 : 0.8                   
        16                   2                   0-->77.3235 : 0.358735             77.3235-->100 : 0.241265                   
        17                   2                   0-->77.3235 : 0.358735             77.3235-->100 : 0.241265                   
        18                   1                   0-->100 : 0.1                   
        19                   1                   0-->100 : 0.4                   
        20                   1                   0-->100 : 1.2                   
        21                   0                   
        22                   2                   0-->5.4278 : 0.00530298              5.4278-->100 : 1.7947                   
        23                   2                   0-->5.4278 : 0.00206227              5.4278-->100 : 0.697938                   
        24                   1                   0-->100 : 0.5                   
