    Origin         9
Class 1's a bounds are:93.9644------>100
Destination  Low Bound  Up Bound Demands of this class
         1       100       100         0
         2       100       100         0
         3       100       100         0
         4       100       100         0
         5       100       100         0
         6       100       100         0
         7       100       100         0
         8       100       100         0
         9       100       100         0
        10       100       100         0
        11       100       100         0
        12       100       100         0
        13       100       100         0
        14       100       100         0
        15       100       100         0
        16       100       100         0
        17       100       100         0
        18       100       100         0
        19       100       100         0
        20       100       100         0
        21       100       100         0
        22   93.9644       100 0.0819484
        23   93.9644       100 0.0585346
        24       100       100         0
Class 2's a bounds are:72.6121------>93.9644
Destination  Low Bound  Up Bound Demands of this class
         1       100       100         0
         2       100       100         0
         3       100       100         0
         4       100       100         0
         5       100       100         0
         6       100       100         0
         7       100       100         0
         8       100       100         0
         9       100       100         0
        10       100       100         0
        11       100       100         0
        12       100       100         0
        13       100       100         0
        14   72.6121       100  0.283649
        15   72.6121       100  0.425473
        16       100       100         0
        17       100       100         0
        18       100       100         0
        19       100       100         0
        20       100       100         0
        21       100       100         0
        22   93.9644   93.9644         0
        23   93.9644   93.9644         0
        24       100       100         0
Class 3's a bounds are:59.3354------>72.6121
Destination  Low Bound  Up Bound Demands of this class
         1       100       100         0
         2       100       100         0
         3       100       100         0
         4       100       100         0
         5       100       100         0
         6       100       100         0
         7       100       100         0
         8       100       100         0
         9       100       100         0
        10       100       100         0
        11       100       100         0
        12       100       100         0
        13       100       100         0
        14   59.3354   72.6121   0.10511
        15   72.6121   72.6121         0
        16       100       100         0
        17       100       100         0
        18       100       100         0
        19       100       100         0
        20       100       100         0
        21       100       100         0
        22   93.9644   93.9644         0
        23   59.3354   93.9644  0.265431
        24       100       100         0
Class 4's a bounds are:51.5436------>59.3354
Destination  Low Bound  Up Bound Demands of this class
         1       100       100         0
         2       100       100         0
         3       100       100         0
         4       100       100         0
         5       100       100         0
         6       100       100         0
         7       100       100         0
         8       100       100         0
         9       100       100         0
        10       100       100         0
        11       100       100         0
        12       100       100         0
        13       100       100         0
        14   59.3354   59.3354         0
        15   72.6121   72.6121         0
        16       100       100         0
        17       100       100         0
        18       100       100         0
        19       100       100         0
        20   51.5436       100  0.440595
        21   51.5436       100  0.220298
        22   93.9644   93.9644         0
        23   59.3354   59.3354         0
        24       100       100         0
Class 5's a bounds are:41.3825------>51.5436
Destination  Low Bound  Up Bound Demands of this class
         1       100       100         0
         2       100       100         0
         3       100       100         0
         4       100       100         0
         5       100       100         0
         6       100       100         0
         7       100       100         0
         8       100       100         0
         9       100       100         0
        10       100       100         0
        11       100       100         0
        12       100       100         0
        13       100       100         0
        14   59.3354   59.3354         0
        15   72.6121   72.6121         0
        16   41.3825       100   1.16025
        17       100       100         0
        18   41.3825       100   0.16575
        19       100       100         0
        20   51.5436   51.5436         0
        21   51.5436   51.5436         0
        22   93.9644   93.9644         0
        23   59.3354   59.3354         0
        24       100       100         0
Class 6's a bounds are:30.1681------>41.3825
Destination  Low Bound  Up Bound Demands of this class
         1       100       100         0
         2       100       100         0
         3       100       100         0
         4       100       100         0
         5       100       100         0
         6       100       100         0
         7       100       100         0
         8       100       100         0
         9       100       100         0
        10       100       100         0
        11       100       100         0
        12       100       100         0
        13       100       100         0
        14   59.3354   59.3354         0
        15   72.6121   72.6121         0
        16   41.3825   41.3825         0
        17       100       100         0
        18   41.3825   41.3825         0
        19       100       100         0
        20   51.5436   51.5436         0
        21   51.5436   51.5436         0
        22   93.9644   93.9644         0
        23   30.1681   59.3354  0.130529
        24   30.1681       100  0.181798
Class 7's a bounds are:25.0148------>30.1681
Destination  Low Bound  Up Bound Demands of this class
         1       100       100         0
         2       100       100         0
         3       100       100         0
         4   25.0148       100  0.656198
         5       100       100         0
         6       100       100         0
         7       100       100         0
         8       100       100         0
         9       100       100         0
        10       100       100         0
        11   25.0148       100    1.3124
        12       100       100         0
        13       100       100         0
        14   59.3354   59.3354         0
        15   72.6121   72.6121         0
        16   41.3825   41.3825         0
        17       100       100         0
        18   41.3825   41.3825         0
        19       100       100         0
        20   51.5436   51.5436         0
        21   51.5436   51.5436         0
        22   93.9644   93.9644         0
        23   30.1681   30.1681         0
        24   30.1681   30.1681         0
Class 8's a bounds are:0.0539------>25.0148
Destination  Low Bound  Up Bound Demands of this class
         1       100       100         0
         2       100       100         0
         3       100       100         0
         4   25.0148   25.0148         0
         5       100       100         0
         6       100       100         0
         7       100       100         0
         8       100       100         0
         9       100       100         0
        10       100       100         0
        11   25.0148   25.0148         0
        12       100       100         0
        13       100       100         0
        14   59.3354   59.3354         0
        15   72.6121   72.6121         0
        16   41.3825   41.3825         0
        17       100       100         0
        18   41.3825   41.3825         0
        19       100       100         0
        20    0.0539   51.5436  0.159404
        21   51.5436   51.5436         0
        22    0.0539   93.9644  0.618051
        23   30.1681   30.1681         0
        24   30.1681   30.1681         0
Class 8's a bounds are:0------>0.0539
Destination Low Bound  Up Bound Demands of this class
         1         0       100       0.5
         2         0       100       0.2
         3         0       100       0.1
         4         0   25.0148 0.0438018
         5         0       100       0.8
         6         0       100       0.4
         7         0       100       0.6
         8         0       100       0.8
         9       100       100         0
        10         0       100       2.8
        11         0   25.0148 0.0876036
        12         0       100       0.6
        13         0       100       0.6
        14         0   59.3354  0.211241
        15         0   72.6121  0.474527
        16         0   41.3825  0.239752
        17         0       100       0.9
        18         0   41.3825 0.0342502
        19         0       100       0.4
        20         0    0.05391.74313e-007
        21         0   51.5436 0.0797023
        22         0    0.05392.03365e-007
        23         0   30.1681 0.0455057
        24         0   30.1681 0.0182023

--------------Summary for Origin 9 --------------------- 

Destination        Class Number        Range of calss: Trips 
         1                   1                   0-->100 : 0.5                   
         2                   1                   0-->100 : 0.2                   
         3                   1                   0-->100 : 0.1                   
         4                   2                   0-->25.0148 : 0.0438018             25.0148-->100 : 0.656198                   
         5                   1                   0-->100 : 0.8                   
         6                   1                   0-->100 : 0.4                   
         7                   1                   0-->100 : 0.6                   
         8                   1                   0-->100 : 0.8                   
         9                   0                   
        10                   1                   0-->100 : 2.8                   
        11                   2                   0-->25.0148 : 0.0876036             25.0148-->100 : 1.3124                   
        12                   1                   0-->100 : 0.6                   
        13                   1                   0-->100 : 0.6                   
        14                   3                   0-->59.3354 : 0.211241             59.3354-->72.6121 : 0.10511             72.6121-->100 : 0.283649                   
        15                   2                   0-->72.6121 : 0.474527             72.6121-->100 : 0.425473                   
        16                   2                   0-->41.3825 : 0.239752             41.3825-->100 : 1.16025                   
        17                   1                   0-->100 : 0.9                   
        18                   2                   0-->41.3825 : 0.0342502             41.3825-->100 : 0.16575                   
        19                   1                   0-->100 : 0.4                   
        20                   3                   0-->0.0539 : 1.74313e-007              0.0539-->51.5436 : 0.159404             51.5436-->100 : 0.440595                   
        21                   2                   0-->51.5436 : 0.0797023             51.5436-->100 : 0.220298                   
        22                   3                   0-->0.0539 : 2.03365e-007              0.0539-->93.9644 : 0.618051             93.9644-->100 : 0.0819484                   
        23                   4                   0-->30.1681 : 0.0455057             30.1681-->59.3354 : 0.130529             59.3354-->93.9644 : 0.265431             93.9644-->100 : 0.0585346                   
        24                   2                   0-->30.1681 : 0.0182023             30.1681-->100 : 0.181798                   
