    Origin         3
Class 1's a bounds are:74.369------>100
Destination  Low Bound  Up Bound Demands of this class
         1       100       100         0
         2    74.369       100 0.0446925
         3       100       100         0
         4       100       100         0
         5       100       100         0
         6    74.369       100  0.134078
         7    74.369       100 0.0446925
         8    74.369       100  0.089385
         9       100       100         0
        10       100       100         0
        11       100       100         0
        12       100       100         0
        13       100       100         0
        14       100       100         0
        15       100       100         0
        16    74.369       100  0.089385
        17       100       100         0
        18    74.369       100         0
        19       100       100         0
        20       100       100         0
        21       100       100         0
        22       100       100         0
        23       100       100         0
        24       100       100         0
Class 2's a bounds are:62.4207------>74.369
Destination  Low Bound  Up Bound Demands of this class
         1       100       100         0
         2    74.369    74.369         0
         3       100       100         0
         4       100       100         0
         5       100       100         0
         6    74.369    74.369         0
         7    74.369    74.369         0
         8    74.369    74.369         0
         9       100       100         0
        10       100       100         0
        11       100       100         0
        12       100       100         0
        13       100       100         0
        14       100       100         0
        15       100       100         0
        16    74.369    74.369         0
        17       100       100         0
        18    74.369    74.369         0
        19       100       100         0
        20       100       100         0
        21       100       100         0
        22   62.4207       100 0.0610366
        23   62.4207       100 0.0610366
        24       100       100         0
Class 3's a bounds are:45.1067------>62.4207
Destination  Low Bound  Up Bound Demands of this class
         1       100       100         0
         2    74.369    74.369         0
         3       100       100         0
         4       100       100         0
         5       100       100         0
         6    74.369    74.369         0
         7    74.369    74.369         0
         8    74.369    74.369         0
         9       100       100         0
        10       100       100         0
        11       100       100         0
        12       100       100         0
        13       100       100         0
        14       100       100         0
        15       100       100         0
        16    74.369    74.369         0
        17       100       100         0
        18   45.1067    74.369         0
        19       100       100         0
        20   45.1067       100         0
        21       100       100         0
        22   62.4207   62.4207         0
        23   62.4207   62.4207         0
        24       100       100         0
Class 4's a bounds are:41.3825------>45.1067
Destination  Low Bound  Up Bound Demands of this class
         1       100       100         0
         2    74.369    74.369         0
         3       100       100         0
         4       100       100         0
         5       100       100         0
         6    74.369    74.369         0
         7    74.369    74.369         0
         8    74.369    74.369         0
         9       100       100         0
        10       100       100         0
        11       100       100         0
        12       100       100         0
        13       100       100         0
        14       100       100         0
        15       100       100         0
        16   41.3825    74.369 0.0763647
        17       100       100         0
        18   41.3825   45.1067         0
        19       100       100         0
        20   45.1067   45.1067         0
        21       100       100         0
        22   62.4207   62.4207         0
        23   62.4207   62.4207         0
        24       100       100         0
Class 5's a bounds are:32.5456------>41.3825
Destination  Low Bound  Up Bound Demands of this class
         1       100       100         0
         2    74.369    74.369         0
         3       100       100         0
         4       100       100         0
         5       100       100         0
         6    74.369    74.369         0
         7   32.5456    74.369 0.0447153
         8   32.5456    74.369 0.0894306
         9   32.5456       100 0.0894078
        10       100       100         0
        11       100       100         0
        12       100       100         0
        13       100       100         0
        14       100       100         0
        15       100       100         0
        16   32.5456   41.3825 0.0130659
        17       100       100         0
        18   32.5456   41.3825         0
        19       100       100         0
        20   32.5456   45.1067         0
        21       100       100         0
        22   62.4207   62.4207         0
        23   62.4207   62.4207         0
        24       100       100         0
Class 5's a bounds are:0------>32.5456
Destination Low Bound  Up Bound Demands of this class
         1         0       100       0.1
         2         0    74.369 0.0553075
         3       100       100         0
         4         0       100       0.2
         5         0       100       0.1
         6         0    74.369  0.165922
         7         0   32.5456 0.0105922
         8         0   32.5456 0.0211843
         9         0   32.5456 0.0105922
        10         0       100       0.3
        11         0       100       0.3
        12         0       100       0.2
        13         0       100       0.1
        14         0       100       0.1
        15         0       100       0.1
        16         0   32.5456 0.0211843
        17         0       100       0.1
        18         0   32.5456         0
        19         0       100         0
        20         0   32.5456         0
        21         0       100         0
        22         0   62.4207 0.0389634
        23         0   62.4207 0.0389634
        24         0       100         0

--------------Summary for Origin 3 --------------------- 

Destination        Class Number        Range of calss: Trips 
         1                   1                   0-->100 : 0.1                   
         2                   2                   0-->74.369 : 0.0553075              74.369-->100 : 0.0446925                   
         3                   0                   
         4                   1                   0-->100 : 0.2                   
         5                   1                   0-->100 : 0.1                   
         6                   2                   0-->74.369 : 0.165922              74.369-->100 : 0.134078                   
         7                   3                   0-->32.5456 : 0.0105922             32.5456-->74.369 : 0.0447153              74.369-->100 : 0.0446925                   
         8                   3                   0-->32.5456 : 0.0211843             32.5456-->74.369 : 0.0894306              74.369-->100 : 0.089385                   
         9                   2                   0-->32.5456 : 0.0105922             32.5456-->100 : 0.0894078                   
        10                   1                   0-->100 : 0.3                   
        11                   1                   0-->100 : 0.3                   
        12                   1                   0-->100 : 0.2                   
        13                   1                   0-->100 : 0.1                   
        14                   1                   0-->100 : 0.1                   
        15                   1                   0-->100 : 0.1                   
        16                   4                   0-->32.5456 : 0.0211843             32.5456-->41.3825 : 0.0130659             41.3825-->74.369 : 0.0763647              74.369-->100 : 0.089385                   
        17                   1                   0-->100 : 0.1                   
        18                   0                   
        19                   0                   
        20                   0                   
        21                   0                   
        22                   2                   0-->62.4207 : 0.0389634             62.4207-->100 : 0.0610366                   
        23                   2                   0-->62.4207 : 0.0389634             62.4207-->100 : 0.0610366                   
        24                   0                   
