    Origin         5
Class 1's a bounds are:83.9065------>100
Destination  Low Bound  Up Bound Demands of this class
         1       100       100         0
         2       100       100         0
         3       100       100         0
         4       100       100         0
         5       100       100         0
         6       100       100         0
         7       100       100         0
         8       100       100         0
         9       100       100         0
        10       100       100         0
        11       100       100         0
        12       100       100         0
        13       100       100         0
        14       100       100         0
        15       100       100         0
        16       100       100         0
        17       100       100         0
        18       100       100         0
        19       100       100         0
        20       100       100         0
        21       100       100         0
        22       100       100         0
        23   83.9065       100  0.029597
        24   83.9065       100         0
Class 2's a bounds are:50.0709------>83.9065
Destination  Low Bound  Up Bound Demands of this class
         1       100       100         0
         2       100       100         0
         3       100       100         0
         4       100       100         0
         5       100       100         0
         6       100       100         0
         7   50.0709       100  0.149858
         8   50.0709       100  0.374645
         9   50.0709       100  0.599432
        10       100       100         0
        11       100       100         0
        12       100       100         0
        13       100       100         0
        14       100       100         0
        15       100       100         0
        16   50.0709       100  0.374645
        17       100       100         0
        18   50.0709       100         0
        19       100       100         0
        20   50.0709       100  0.074929
        21       100       100         0
        22       100       100         0
        23   83.9065   83.9065         0
        24   83.9065   83.9065         0
Class 3's a bounds are:41.3825------>50.0709
Destination  Low Bound  Up Bound Demands of this class
         1       100       100         0
         2       100       100         0
         3       100       100         0
         4       100       100         0
         5       100       100         0
         6       100       100         0
         7   50.0709   50.0709         0
         8   50.0709   50.0709         0
         9   50.0709   50.0709         0
        10       100       100         0
        11       100       100         0
        12       100       100         0
        13       100       100         0
        14       100       100         0
        15       100       100         0
        16   41.3825   50.0709 0.0397292
        17       100       100         0
        18   41.3825   50.0709         0
        19       100       100         0
        20   50.0709   50.0709         0
        21       100       100         0
        22       100       100         0
        23   83.9065   83.9065         0
        24   83.9065   83.9065         0
Class 4's a bounds are:0.0539------>41.3825
Destination  Low Bound  Up Bound Demands of this class
         1       100       100         0
         2       100       100         0
         3       100       100         0
         4       100       100         0
         5       100       100         0
         6       100       100         0
         7   50.0709   50.0709         0
         8   50.0709   50.0709         0
         9   50.0709   50.0709         0
        10       100       100         0
        11       100       100         0
        12       100       100         0
        13       100       100         0
        14       100       100         0
        15       100       100         0
        16   41.3825   41.3825         0
        17       100       100         0
        18   41.3825   41.3825         0
        19       100       100         0
        20    0.0539   50.0709 0.0250709
        21       100       100         0
        22    0.0539       100       0.2
        23   83.9065   83.9065         0
        24   83.9065   83.9065         0
Class 4's a bounds are:0------>0.0539
Destination Low Bound  Up Bound Demands of this class
         1         0       100       0.2
         2         0       100       0.1
         3         0       100       0.1
         4         0       100       0.5
         5       100       100         0
         6         0       100       0.2
         7         0   50.0709 0.0501419
         8         0   50.0709  0.125355
         9         0   50.0709  0.200568
        10         0       100         1
        11         0       100       0.5
        12         0       100       0.2
        13         0       100       0.2
        14         0       100       0.1
        15         0       100       0.2
        16         0   41.3825 0.0856256
        17         0       100       0.2
        18         0   41.3825         0
        19         0       100       0.1
        20         0    0.05392.90521e-008
        21         0       100       0.1
        22         0    0.05395.81042e-008
        23         0   83.9065  0.070403
        24         0   83.9065         0

--------------Summary for Origin 5 --------------------- 

Destination        Class Number        Range of calss: Trips 
         1                   1                   0-->100 : 0.2                   
         2                   1                   0-->100 : 0.1                   
         3                   1                   0-->100 : 0.1                   
         4                   1                   0-->100 : 0.5                   
         5                   0                   
         6                   1                   0-->100 : 0.2                   
         7                   2                   0-->50.0709 : 0.0501419             50.0709-->100 : 0.149858                   
         8                   2                   0-->50.0709 : 0.125355             50.0709-->100 : 0.374645                   
         9                   2                   0-->50.0709 : 0.200568             50.0709-->100 : 0.599432                   
        10                   1                   0-->100 : 1                   
        11                   1                   0-->100 : 0.5                   
        12                   1                   0-->100 : 0.2                   
        13                   1                   0-->100 : 0.2                   
        14                   1                   0-->100 : 0.1                   
        15                   1                   0-->100 : 0.2                   
        16                   3                   0-->41.3825 : 0.0856256             41.3825-->50.0709 : 0.0397292             50.0709-->100 : 0.374645                   
        17                   1                   0-->100 : 0.2                   
        18                   0                   
        19                   1                   0-->100 : 0.1                   
        20                   3                   0-->0.0539 : 2.90521e-008              0.0539-->50.0709 : 0.0250709             50.0709-->100 : 0.074929                   
        21                   1                   0-->100 : 0.1                   
        22                   2                   0-->0.0539 : 5.81042e-008              0.0539-->100 : 0.2                   
        23                   2                   0-->83.9065 : 0.070403             83.9065-->100 : 0.029597                   
        24                   0                   
