    Origin        17
Class 1's a bounds are:77.078------>100
Destination  Low Bound  Up Bound Demands of this class
         1       100       100         0
         2       100       100         0
         3       100       100         0
         4       100       100         0
         5       100       100         0
         6       100       100         0
         7       100       100         0
         8       100       100         0
         9       100       100         0
        10       100       100         0
        11       100       100         0
        12       100       100         0
        13       100       100         0
        14       100       100         0
        15       100       100         0
        16       100       100         0
        17       100       100         0
        18       100       100         0
        19       100       100         0
        20    77.078       100  0.690027
        21    77.078       100  0.243539
        22       100       100         0
        23       100       100         0
        24    77.078       100  0.121769
Class 2's a bounds are:76.7413------>77.078
Destination  Low Bound  Up Bound Demands of this class
         1   76.7413       100  0.164431
         2   76.7413       100 0.0822155
         3       100       100         0
         4       100       100         0
         5       100       100         0
         6       100       100         0
         7       100       100         0
         8       100       100         0
         9       100       100         0
        10       100       100         0
        11       100       100         0
        12       100       100         0
        13       100       100         0
        14       100       100         0
        15       100       100         0
        16       100       100         0
        17       100       100         0
        18       100       100         0
        19       100       100         0
        20    77.078    77.078         0
        21    77.078    77.078         0
        22       100       100         0
        23       100       100         0
        24    77.078    77.078         0
Class 3's a bounds are:59.3354------>76.7413
Destination  Low Bound  Up Bound Demands of this class
         1   76.7413   76.7413         0
         2   76.7413   76.7413         0
         3       100       100         0
         4       100       100         0
         5       100       100         0
         6       100       100         0
         7       100       100         0
         8       100       100         0
         9       100       100         0
        10       100       100         0
        11       100       100         0
        12       100       100         0
        13       100       100         0
        14   59.3354       100  0.453552
        15       100       100         0
        16       100       100         0
        17       100       100         0
        18       100       100         0
        19       100       100         0
        20    77.078    77.078         0
        21    77.078    77.078         0
        22       100       100         0
        23   59.3354       100  0.388759
        24    77.078    77.078         0
Class 4's a bounds are:54.7046------>59.3354
Destination  Low Bound  Up Bound Demands of this class
         1   76.7413   76.7413         0
         2   76.7413   76.7413         0
         3   54.7046       100 0.0700741
         4       100       100         0
         5       100       100         0
         6       100       100         0
         7       100       100         0
         8       100       100         0
         9       100       100         0
        10       100       100         0
        11       100       100         0
        12   54.7046       100  0.420444
        13   54.7046       100   0.35037
        14   59.3354   59.3354         0
        15       100       100         0
        16       100       100         0
        17       100       100         0
        18       100       100         0
        19       100       100         0
        20    77.078    77.078         0
        21    77.078    77.078         0
        22       100       100         0
        23   59.3354   59.3354         0
        24    77.078    77.078         0
Class 5's a bounds are:41.1314------>54.7046
Destination  Low Bound  Up Bound Demands of this class
         1   76.7413   76.7413         0
         2   76.7413   76.7413         0
         3   54.7046   54.7046         0
         4       100       100         0
         5       100       100         0
         6   41.1314       100   0.41541
         7   41.1314       100  0.830821
         8   41.1314       100   1.16315
         9       100       100         0
        10       100       100         0
        11       100       100         0
        12   54.7046   54.7046         0
        13   54.7046   54.7046         0
        14   59.3354   59.3354         0
        15       100       100         0
        16       100       100         0
        17       100       100         0
        18       100       100         0
        19       100       100         0
        20    77.078    77.078         0
        21    77.078    77.078         0
        22       100       100         0
        23   59.3354   59.3354         0
        24    77.078    77.078         0
Class 6's a bounds are:29.5------>41.1314
Destination  Low Bound  Up Bound Demands of this class
         1   76.7413   76.7413         0
         2   76.7413   76.7413         0
         3   54.7046   54.7046         0
         4       100       100         0
         5      29.5       100  0.182595
         6      29.5   41.1314 0.0410771
         7   41.1314   41.1314         0
         8   41.1314   41.1314         0
         9       100       100         0
        10       100       100         0
        11       100       100         0
        12   54.7046   54.7046         0
        13   54.7046   54.7046         0
        14   59.3354   59.3354         0
        15       100       100         0
        16       100       100         0
        17       100       100         0
        18       100       100         0
        19       100       100         0
        20    77.078    77.078         0
        21    77.078    77.078         0
        22       100       100         0
        23   59.3354   59.3354         0
        24    77.078    77.078         0
Class 7's a bounds are:9.677------>29.5
Destination  Low Bound  Up Bound Demands of this class
         1     9.677   76.7413  0.231823
         2     9.677   76.7413  0.115912
         3     9.677   54.7046 0.0289895
         4     9.677       100  0.495318
         5      29.5      29.5         0
         6      29.5      29.5         0
         7   41.1314   41.1314         0
         8   41.1314   41.1314         0
         9       100       100         0
        10       100       100         0
        11     9.677       100  0.990636
        12     9.677   54.7046  0.173937
        13     9.677   54.7046  0.144947
        14   59.3354   59.3354         0
        15       100       100         0
        16       100       100         0
        17       100       100         0
        18       100       100         0
        19       100       100         0
        20    77.078    77.078         0
        21    77.078    77.078         0
        22       100       100         0
        23   59.3354   59.3354         0
        24    77.078    77.078         0
Class 7's a bounds are:0------>9.677
Destination Low Bound  Up Bound Demands of this class
         1         0     9.6770.00374577
         2         0     9.6770.00187289
         3         0     9.6770.000936443
         4         0     9.6770.00468222
         5         0      29.5  0.017405
         6         0      29.5 0.0435125
         7         0   41.1314  0.169179
         8         0   41.1314  0.236851
         9         0       100       0.9
        10         0       100       3.9
        11         0     9.6770.00936443
        12         0     9.6770.00561866
        13         0     9.6770.00468222
        14         0   59.3354  0.246448
        15         0       100       1.5
        16         0       100       2.8
        17       100       100         0
        18         0       100       0.6
        19         0       100       1.7
        20         0    77.078   1.00997
        21         0    77.078  0.356461
        22         0       100       1.7
        23         0   59.3354  0.211241
        24         0    77.078  0.178231

--------------Summary for Origin 17 --------------------- 

Destination        Class Number        Range of calss: Trips 
         1                   3                   0-->9.677 : 0.00374577               9.677-->76.7413 : 0.231823             76.7413-->100 : 0.164431                   
         2                   3                   0-->9.677 : 0.00187289               9.677-->76.7413 : 0.115912             76.7413-->100 : 0.0822155                   
         3                   3                   0-->9.677 : 0.000936443               9.677-->54.7046 : 0.0289895             54.7046-->100 : 0.0700741                   
         4                   2                   0-->9.677 : 0.00468222               9.677-->100 : 0.495318                   
         5                   2                   0-->29.5 : 0.017405                29.5-->100 : 0.182595                   
         6                   3                   0-->29.5 : 0.0435125                29.5-->41.1314 : 0.0410771             41.1314-->100 : 0.41541                   
         7                   2                   0-->41.1314 : 0.169179             41.1314-->100 : 0.830821                   
         8                   2                   0-->41.1314 : 0.236851             41.1314-->100 : 1.16315                   
         9                   1                   0-->100 : 0.9                   
        10                   1                   0-->100 : 3.9                   
        11                   2                   0-->9.677 : 0.00936443               9.677-->100 : 0.990636                   
        12                   3                   0-->9.677 : 0.00561866               9.677-->54.7046 : 0.173937             54.7046-->100 : 0.420444                   
        13                   3                   0-->9.677 : 0.00468222               9.677-->54.7046 : 0.144947             54.7046-->100 : 0.35037                   
        14                   2                   0-->59.3354 : 0.246448             59.3354-->100 : 0.453552                   
        15                   1                   0-->100 : 1.5                   
        16                   1                   0-->100 : 2.8                   
        17                   0                   
        18                   1                   0-->100 : 0.6                   
        19                   1                   0-->100 : 1.7                   
        20                   2                   0-->77.078 : 1.00997              77.078-->100 : 0.690027                   
        21                   2                   0-->77.078 : 0.356461              77.078-->100 : 0.243539                   
        22                   1                   0-->100 : 1.7                   
        23                   2                   0-->59.3354 : 0.211241             59.3354-->100 : 0.388759                   
        24                   2                   0-->77.078 : 0.178231              77.078-->100 : 0.121769                   
