    Origin        22
Class 1's a bounds are:97.8604------>100
Destination  Low Bound  Up Bound Demands of this class
         1       100       100         0
         2       100       100         0
         3       100       100         0
         4       100       100         0
         5       100       100         0
         6       100       100         0
         7       100       100         0
         8       100       100         0
         9       100       100         0
        10       100       100         0
        11   97.8604       100 0.0465676
        12       100       100         0
        13       100       100         0
        14   97.8604       100 0.0508011
        15       100       100         0
        16       100       100         0
        17       100       100         0
        18       100       100         0
        19       100       100         0
        20       100       100         0
        21       100       100         0
        22       100       100         0
        23   97.8604       100 0.0889018
        24       100       100         0
Class 2's a bounds are:90.0831------>97.8604
Destination  Low Bound  Up Bound Demands of this class
         1   90.0831       100 0.0754014
         2   90.0831       100 0.0188504
         3       100       100         0
         4       100       100         0
         5       100       100         0
         6       100       100         0
         7       100       100         0
         8       100       100         0
         9       100       100         0
        10       100       100         0
        11   97.8604   97.8604         0
        12       100       100         0
        13       100       100         0
        14   97.8604   97.8604         0
        15       100       100         0
        16       100       100         0
        17       100       100         0
        18       100       100         0
        19       100       100         0
        20       100       100         0
        21       100       100         0
        22       100       100         0
        23   97.8604   97.8604         0
        24       100       100         0
Class 3's a bounds are:79.6067------>90.0831
Destination  Low Bound  Up Bound Demands of this class
         1   90.0831   90.0831         0
         2   90.0831   90.0831         0
         3       100       100         0
         4       100       100         0
         5       100       100         0
         6       100       100         0
         7       100       100         0
         8       100       100         0
         9       100       100         0
        10   79.6067       100  0.952321
        11   79.6067   97.8604  0.356337
        12       100       100         0
        13       100       100         0
        14   97.8604   97.8604         0
        15       100       100         0
        16       100       100         0
        17       100       100         0
        18       100       100         0
        19       100       100         0
        20       100       100         0
        21       100       100         0
        22       100       100         0
        23   97.8604   97.8604         0
        24       100       100         0
Class 4's a bounds are:78.1064------>79.6067
Destination  Low Bound  Up Bound Demands of this class
         1   90.0831   90.0831         0
         2   90.0831   90.0831         0
         3       100       100         0
         4   78.1064       100  0.155976
         5   78.1064       100 0.0779878
         6       100       100         0
         7       100       100         0
         8       100       100         0
         9       100       100         0
        10   79.6067   79.6067         0
        11   79.6067   79.6067         0
        12       100       100         0
        13       100       100         0
        14   97.8604   97.8604         0
        15       100       100         0
        16       100       100         0
        17       100       100         0
        18       100       100         0
        19       100       100         0
        20       100       100         0
        21       100       100         0
        22       100       100         0
        23   97.8604   97.8604         0
        24       100       100         0
Class 5's a bounds are:62.1605------>78.1064
Destination  Low Bound  Up Bound Demands of this class
         1   62.1605   90.0831  0.170041
         2   62.1605   90.0831 0.0425104
         3   62.1605       100 0.0613607
         4   78.1064   78.1064         0
         5   78.1064   78.1064         0
         6       100       100         0
         7       100       100         0
         8       100       100         0
         9       100       100         0
        10   79.6067   79.6067         0
        11   79.6067   79.6067         0
        12   62.1605       100  0.429525
        13   62.1605       100  0.797689
        14   97.8604   97.8604         0
        15       100       100         0
        16       100       100         0
        17       100       100         0
        18       100       100         0
        19       100       100         0
        20       100       100         0
        21       100       100         0
        22       100       100         0
        23   62.1605   97.8604   1.19967
        24   62.1605       100  0.674968
Class 6's a bounds are:60.13------>62.1605
Destination  Low Bound  Up Bound Demands of this class
         1   62.1605   62.1605         0
         2   62.1605   62.1605         0
         3     60.13   62.16050.00248311
         4     60.13   78.1064 0.0993997
         5   78.1064   78.1064         0
         6       100       100         0
         7       100       100         0
         8       100       100         0
         9       100       100         0
        10   79.6067   79.6067         0
        11   79.6067   79.6067         0
        12   62.1605   62.1605         0
        13   62.1605   62.1605         0
        14   97.8604   97.8604         0
        15       100       100         0
        16       100       100         0
        17       100       100         0
        18       100       100         0
        19       100       100         0
        20       100       100         0
        21       100       100         0
        22       100       100         0
        23   62.1605   62.1605         0
        24   62.1605   62.1605         0
Class 7's a bounds are:2.0816------>60.13
Destination  Low Bound  Up Bound Demands of this class
         1   62.1605   62.1605         0
         2   62.1605   62.1605         0
         3     60.13     60.13         0
         4     60.13     60.13         0
         5    2.0816   78.1064  0.121926
         6       100       100         0
         7       100       100         0
         8    2.0816       100  0.499783
         9    2.0816       100  0.699697
        10   79.6067   79.6067         0
        11   79.6067   79.6067         0
        12   62.1605   62.1605         0
        13   62.1605   62.1605         0
        14   97.8604   97.8604         0
        15       100       100         0
        16       100       100         0
        17       100       100         0
        18       100       100         0
        19       100       100         0
        20       100       100         0
        21       100       100         0
        22       100       100         0
        23   62.1605   62.1605         0
        24   62.1605   62.1605         0
Class 7's a bounds are:0------>2.0816
Destination Low Bound  Up Bound Demands of this class
         1         0   62.1605  0.154557
         2         0   62.1605 0.0386393
         3         0     60.13 0.0361562
         4         0     60.13  0.144625
         5         0    2.08168.66612e-005
         6         0       100       0.2
         7         0       100       0.5
         8         0    2.08160.000216653
         9         0    2.08160.000303314
        10         0   79.6067   1.64768
        11         0   79.6067  0.697095
        12         0   62.1605  0.270475
        13         0   62.1605  0.502311
        14         0   97.8604    1.1492
        15         0       100       2.6
        16         0       100       1.2
        17         0       100       1.7
        18         0       100       0.3
        19         0       100       1.2
        20         0       100       2.4
        21         0       100       1.8
        22       100       100         0
        23         0   62.1605  0.811425
        24         0   62.1605  0.425032

--------------Summary for Origin 22 --------------------- 

Destination        Class Number        Range of calss: Trips 
         1                   3                   0-->62.1605 : 0.154557             62.1605-->90.0831 : 0.170041             90.0831-->100 : 0.0754014                   
         2                   3                   0-->62.1605 : 0.0386393             62.1605-->90.0831 : 0.0425104             90.0831-->100 : 0.0188504                   
         3                   3                   0-->60.13 : 0.0361562               60.13-->62.1605 : 0.00248311             62.1605-->100 : 0.0613607                   
         4                   3                   0-->60.13 : 0.144625               60.13-->78.1064 : 0.0993997             78.1064-->100 : 0.155976                   
         5                   3                   0-->2.0816 : 8.66612e-005              2.0816-->78.1064 : 0.121926             78.1064-->100 : 0.0779878                   
         6                   1                   0-->100 : 0.2                   
         7                   1                   0-->100 : 0.5                   
         8                   2                   0-->2.0816 : 0.000216653              2.0816-->100 : 0.499783                   
         9                   2                   0-->2.0816 : 0.000303314              2.0816-->100 : 0.699697                   
        10                   2                   0-->79.6067 : 1.64768             79.6067-->100 : 0.952321                   
        11                   3                   0-->79.6067 : 0.697095             79.6067-->97.8604 : 0.356337             97.8604-->100 : 0.0465676                   
        12                   2                   0-->62.1605 : 0.270475             62.1605-->100 : 0.429525                   
        13                   2                   0-->62.1605 : 0.502311             62.1605-->100 : 0.797689                   
        14                   2                   0-->97.8604 : 1.1492             97.8604-->100 : 0.0508011                   
        15                   1                   0-->100 : 2.6                   
        16                   1                   0-->100 : 1.2                   
        17                   1                   0-->100 : 1.7                   
        18                   1                   0-->100 : 0.3                   
        19                   1                   0-->100 : 1.2                   
        20                   1                   0-->100 : 2.4                   
        21                   1                   0-->100 : 1.8                   
        22                   0                   
        23                   3                   0-->62.1605 : 0.811425             62.1605-->97.8604 : 1.19967             97.8604-->100 : 0.0889018                   
        24                   2                   0-->62.1605 : 0.425032             62.1605-->100 : 0.674968                   
