    Origin         7
Class 1's a bounds are:74.7659------>100
Destination  Low Bound  Up Bound Demands of this class
         1   74.7659       100  0.220503
         2       100       100         0
         3   74.7659       100 0.0441006
         4       100       100         0
         5       100       100         0
         6       100       100         0
         7       100       100         0
         8       100       100         0
         9       100       100         0
        10       100       100         0
        11       100       100         0
        12   74.7659       100  0.308704
        13       100       100         0
        14       100       100         0
        15       100       100         0
        16       100       100         0
        17       100       100         0
        18       100       100         0
        19       100       100         0
        20       100       100         0
        21       100       100         0
        22       100       100         0
        23       100       100         0
        24       100       100         0
Class 2's a bounds are:54.0157------>74.7659
Destination  Low Bound  Up Bound Demands of this class
         1   74.7659   74.7659         0
         2       100       100         0
         3   74.7659   74.7659         0
         4       100       100         0
         5       100       100         0
         6       100       100         0
         7       100       100         0
         8       100       100         0
         9       100       100         0
        10       100       100         0
        11       100       100         0
        12   54.0157   74.7659  0.187057
        13   54.0157       100  0.283292
        14       100       100         0
        15       100       100         0
        16       100       100         0
        17       100       100         0
        18       100       100         0
        19       100       100         0
        20       100       100         0
        21       100       100         0
        22       100       100         0
        23       100       100         0
        24       100       100         0
Class 3's a bounds are:50.7024------>54.0157
Destination  Low Bound  Up Bound Demands of this class
         1   74.7659   74.7659         0
         2       100       100         0
         3   74.7659   74.7659         0
         4   50.7024       100  0.297171
         5   50.7024       100  0.148585
         6       100       100         0
         7       100       100         0
         8       100       100         0
         9   50.7024       100  0.445756
        10       100       100         0
        11       100       100         0
        12   54.0157   54.0157         0
        13   54.0157   54.0157         0
        14       100       100         0
        15       100       100         0
        16       100       100         0
        17       100       100         0
        18       100       100         0
        19       100       100         0
        20       100       100         0
        21       100       100         0
        22       100       100         0
        23       100       100         0
        24       100       100         0
Class 4's a bounds are:32.8024------>50.7024
Destination  Low Bound  Up Bound Demands of this class
         1   74.7659   74.7659         0
         2       100       100         0
         3   32.8024   74.7659 0.0451394
         4   32.8024   50.7024 0.0597894
         5   50.7024   50.7024         0
         6       100       100         0
         7       100       100         0
         8       100       100         0
         9   50.7024   50.7024         0
        10       100       100         0
        11       100       100         0
        12   32.8024   54.0157  0.128919
        13   32.8024   54.0157 0.0736679
        14       100       100         0
        15       100       100         0
        16       100       100         0
        17       100       100         0
        18       100       100         0
        19       100       100         0
        20       100       100         0
        21       100       100         0
        22       100       100         0
        23       100       100         0
        24       100       100         0
Class 5's a bounds are:27.3458------>32.8024
Destination  Low Bound  Up Bound Demands of this class
         1   74.7659   74.7659         0
         2       100       100         0
         3   32.8024   32.8024         0
         4   32.8024   32.8024         0
         5   50.7024   50.7024         0
         6       100       100         0
         7       100       100         0
         8       100       100         0
         9   27.3458   50.7024  0.109376
        10   27.3458       100   1.75792
        11   27.3458       100   0.46261
        12   32.8024   32.8024         0
        13   32.8024   32.8024         0
        14       100       100         0
        15       100       100         0
        16       100       100         0
        17       100       100         0
        18       100       100         0
        19       100       100         0
        20       100       100         0
        21       100       100         0
        22       100       100         0
        23       100       100         0
        24       100       100         0
Class 6's a bounds are:25.0148------>27.3458
Destination  Low Bound  Up Bound Demands of this class
         1   74.7659   74.7659         0
         2       100       100         0
         3   32.8024   32.8024         0
         4   25.0148   32.8024 0.0180103
         5   50.7024   50.7024         0
         6       100       100         0
         7       100       100         0
         8       100       100         0
         9   27.3458   27.3458         0
        10   27.3458   27.3458         0
        11   25.0148   27.34580.00610263
        12   32.8024   32.8024         0
        13   32.8024   32.8024         0
        14       100       100         0
        15       100       100         0
        16       100       100         0
        17       100       100         0
        18       100       100         0
        19       100       100         0
        20       100       100         0
        21       100       100         0
        22       100       100         0
        23       100       100         0
        24       100       100         0
Class 7's a bounds are:11.0175------>25.0148
Destination  Low Bound  Up Bound Demands of this class
         1   74.7659   74.7659         0
         2       100       100         0
         3   32.8024   32.8024         0
         4   25.0148   25.0148         0
         5   50.7024   50.7024         0
         6       100       100         0
         7       100       100         0
         8       100       100         0
         9   27.3458   27.3458         0
        10   27.3458   27.3458         0
        11   25.0148   25.0148         0
        12   32.8024   32.8024         0
        13   32.8024   32.8024         0
        14   11.0175       100  0.197572
        15       100       100         0
        16       100       100         0
        17       100       100         0
        18       100       100         0
        19       100       100         0
        20       100       100         0
        21       100       100         0
        22       100       100         0
        23   11.0175       100  0.197572
        24       100       100         0
Class 8's a bounds are:9.951------>11.0175
Destination  Low Bound  Up Bound Demands of this class
         1     9.951   74.7659  0.274546
         2       100       100         0
         3     9.951   32.80240.00976975
         4   25.0148   25.0148         0
         5   50.7024   50.7024         0
         6       100       100         0
         7       100       100         0
         8       100       100         0
         9   27.3458   27.3458         0
        10   27.3458   27.3458         0
        11   25.0148   25.0148         0
        12   32.8024   32.8024         0
        13   32.8024   32.8024         0
        14   11.0175   11.0175         0
        15       100       100         0
        16       100       100         0
        17       100       100         0
        18       100       100         0
        19       100       100         0
        20       100       100         0
        21       100       100         0
        22       100       100         0
        23   11.0175   11.0175         0
        24       100       100         0
Class 9's a bounds are:4.886------>9.951
Destination  Low Bound  Up Bound Demands of this class
         1     4.886     9.9510.00375747
         2     4.886       100  0.199523
         3     9.951     9.951         0
         4   25.0148   25.0148         0
         5   50.7024   50.7024         0
         6       100       100         0
         7       100       100         0
         8       100       100         0
         9   27.3458   27.3458         0
        10   27.3458   27.3458         0
        11   25.0148   25.0148         0
        12   32.8024   32.8024         0
        13   32.8024   32.8024         0
        14   11.0175   11.0175         0
        15       100       100         0
        16       100       100         0
        17       100       100         0
        18       100       100         0
        19       100       100         0
        20       100       100         0
        21       100       100         0
        22       100       100         0
        23   11.0175   11.0175         0
        24       100       100         0
Class 9's a bounds are:0------>4.886
Destination Low Bound  Up Bound Demands of this class
         1         0     4.8860.00119365
         2         0     4.8860.00047746
         3         0     9.9510.000990224
         4         0   25.0148 0.0250296
         5         0   50.7024 0.0514147
         6         0       100       0.4
         7       100       100         0
         8         0       100         1
         9         0   27.3458 0.0448676
        10         0   27.3458  0.142081
        11         0   25.0148  0.031287
        12         0   32.8024 0.0753198
        13         0   32.8024 0.0430399
        14         0   11.01750.00242771
        15         0       100       0.5
        16         0       100       1.4
        17         0       100         1
        18         0       100       0.2
        19         0       100       0.4
        20         0       100       0.5
        21         0       100       0.2
        22         0       100       0.5
        23         0   11.01750.00242771
        24         0       100       0.1

--------------Summary for Origin 7 --------------------- 

Destination        Class Number        Range of calss: Trips 
         1                   4                   0-->4.886 : 0.00119365               4.886-->9.951 : 0.00375747               9.951-->74.7659 : 0.274546             74.7659-->100 : 0.220503                   
         2                   2                   0-->4.886 : 0.00047746               4.886-->100 : 0.199523                   
         3                   4                   0-->9.951 : 0.000990224               9.951-->32.8024 : 0.00976975             32.8024-->74.7659 : 0.0451394             74.7659-->100 : 0.0441006                   
         4                   4                   0-->25.0148 : 0.0250296             25.0148-->32.8024 : 0.0180103             32.8024-->50.7024 : 0.0597894             50.7024-->100 : 0.297171                   
         5                   2                   0-->50.7024 : 0.0514147             50.7024-->100 : 0.148585                   
         6                   1                   0-->100 : 0.4                   
         7                   0                   
         8                   1                   0-->100 : 1                   
         9                   3                   0-->27.3458 : 0.0448676             27.3458-->50.7024 : 0.109376             50.7024-->100 : 0.445756                   
        10                   2                   0-->27.3458 : 0.142081             27.3458-->100 : 1.75792                   
        11                   3                   0-->25.0148 : 0.031287             25.0148-->27.3458 : 0.00610263             27.3458-->100 : 0.46261                   
        12                   4                   0-->32.8024 : 0.0753198             32.8024-->54.0157 : 0.128919             54.0157-->74.7659 : 0.187057             74.7659-->100 : 0.308704                   
        13                   3                   0-->32.8024 : 0.0430399             32.8024-->54.0157 : 0.0736679             54.0157-->100 : 0.283292                   
        14                   2                   0-->11.0175 : 0.00242771             11.0175-->100 : 0.197572                   
        15                   1                   0-->100 : 0.5                   
        16                   1                   0-->100 : 1.4                   
        17                   1                   0-->100 : 1                   
        18                   1                   0-->100 : 0.2                   
        19                   1                   0-->100 : 0.4                   
        20                   1                   0-->100 : 0.5                   
        21                   1                   0-->100 : 0.2                   
        22                   1                   0-->100 : 0.5                   
        23                   2                   0-->11.0175 : 0.00242771             11.0175-->100 : 0.197572                   
        24                   1                   0-->100 : 0.1                   
