    Origin        15
Class 1's a bounds are:81.6339------>100
Destination  Low Bound  Up Bound Demands of this class
         1       100       100         0
         2       100       100         0
         3       100       100         0
         4       100       100         0
         5       100       100         0
         6       100       100         0
         7       100       100         0
         8       100       100         0
         9       100       100         0
        10   81.6339       100   1.33436
        11   81.6339       100  0.467027
        12   81.6339       100  0.233513
        13   81.6339       100  0.233513
        14       100       100         0
        15       100       100         0
        16       100       100         0
        17       100       100         0
        18       100       100         0
        19       100       100         0
        20       100       100         0
        21       100       100         0
        22       100       100         0
        23       100       100         0
        24       100       100         0
Class 2's a bounds are:62.1605------>81.6339
Destination  Low Bound  Up Bound Demands of this class
         1       100       100         0
         2       100       100         0
         3       100       100         0
         4       100       100         0
         5       100       100         0
         6       100       100         0
         7       100       100         0
         8       100       100         0
         9       100       100         0
        10   81.6339   81.6339         0
        11   81.6339   81.6339         0
        12   81.6339   81.6339         0
        13   81.6339   81.6339         0
        14       100       100         0
        15       100       100         0
        16       100       100         0
        17       100       100         0
        18       100       100         0
        19       100       100         0
        20       100       100         0
        21       100       100         0
        22       100       100         0
        23   62.1605       100  0.613607
        24   62.1605       100  0.245443
Class 3's a bounds are:59.3354------>62.1605
Destination  Low Bound  Up Bound Demands of this class
         1       100       100         0
         2       100       100         0
         3       100       100         0
         4       100       100         0
         5       100       100         0
         6       100       100         0
         7       100       100         0
         8       100       100         0
         9       100       100         0
        10   81.6339   81.6339         0
        11   81.6339   81.6339         0
        12   81.6339   81.6339         0
        13   81.6339   81.6339         0
        14   59.3354       100   0.84231
        15       100       100         0
        16       100       100         0
        17       100       100         0
        18       100       100         0
        19       100       100         0
        20       100       100         0
        21       100       100         0
        22       100       100         0
        23   59.3354   62.1605 0.0343238
        24   59.3354   62.1605 0.0137295
Class 4's a bounds are:57.9914------>59.3354
Destination  Low Bound  Up Bound Demands of this class
         1       100       100         0
         2       100       100         0
         3       100       100         0
         4       100       100         0
         5       100       100         0
         6       100       100         0
         7       100       100         0
         8       100       100         0
         9       100       100         0
        10   81.6339   81.6339         0
        11   81.6339   81.6339         0
        12   81.6339   81.6339         0
        13   81.6339   81.6339         0
        14   59.3354   59.3354         0
        15       100       100         0
        16   57.9914       100   0.79644
        17       100       100         0
        18   57.9914       100   0.13274
        19       100       100         0
        20       100       100         0
        21       100       100         0
        22       100       100         0
        23   59.3354   59.3354         0
        24   59.3354   59.3354         0
Class 5's a bounds are:54.7046------>57.9914
Destination  Low Bound  Up Bound Demands of this class
         1       100       100         0
         2       100       100         0
         3   54.7046       100 0.0700741
         4       100       100         0
         5       100       100         0
         6       100       100         0
         7       100       100         0
         8       100       100         0
         9       100       100         0
        10   81.6339   81.6339         0
        11   81.6339   81.6339         0
        12   54.7046   81.6339  0.257005
        13   54.7046   81.6339  0.257005
        14   59.3354   59.3354         0
        15       100       100         0
        16   57.9914   57.9914         0
        17       100       100         0
        18   57.9914   57.9914         0
        19       100       100         0
        20       100       100         0
        21       100       100         0
        22       100       100         0
        23   59.3354   59.3354         0
        24   59.3354   59.3354         0
Class 6's a bounds are:9.677------>54.7046
Destination  Low Bound  Up Bound Demands of this class
         1     9.677       100  0.495318
         2     9.677       100 0.0990636
         3     9.677   54.7046 0.0289895
         4     9.677       100  0.495318
         5       100       100         0
         6       100       100         0
         7       100       100         0
         8       100       100         0
         9       100       100         0
        10   81.6339   81.6339         0
        11     9.677   81.6339  0.919863
        12     9.677   54.7046  0.202926
        13     9.677   54.7046  0.202926
        14   59.3354   59.3354         0
        15       100       100         0
        16   57.9914   57.9914         0
        17       100       100         0
        18   57.9914   57.9914         0
        19       100       100         0
        20       100       100         0
        21       100       100         0
        22       100       100         0
        23   59.3354   59.3354         0
        24   59.3354   59.3354         0
Class 7's a bounds are:4.9212------>9.677
Destination  Low Bound  Up Bound Demands of this class
         1     9.677     9.677         0
         2     9.677     9.677         0
         3     9.677     9.677         0
         4     9.677     9.677         0
         5       100       100         0
         6       100       100         0
         7    4.9212       100  0.498789
         8    4.9212       100  0.598547
         9       100       100         0
        10   81.6339   81.6339         0
        11     9.677     9.677         0
        12     9.677     9.677         0
        13     9.677     9.677         0
        14   59.3354   59.3354         0
        15       100       100         0
        16    4.9212   57.9914  0.400654
        17       100       100         0
        18    4.9212   57.9914 0.0667757
        19       100       100         0
        20    4.9212       100   1.09734
        21       100       100         0
        22    4.9212       100    2.5937
        23   59.3354   59.3354         0
        24   59.3354   59.3354         0
Class 7's a bounds are:0------>4.9212
Destination Low Bound  Up Bound Demands of this class
         1         0     9.6770.00468222
         2         0     9.6770.000936443
         3         0     9.6770.000936443
         4         0     9.6770.00468222
         5         0       100       0.2
         6         0       100       0.2
         7         0    4.92120.00121091
         8         0    4.92120.00145309
         9         0       100         1
        10         0   81.6339   2.66564
        11         0     9.677 0.0131102
        12         0     9.677 0.0065551
        13         0     9.677 0.0065551
        14         0   59.3354   0.45769
        15       100       100         0
        16         0    4.92120.00290619
        17         0       100       1.5
        18         0    4.92120.000484364
        19         0       100       0.8
        20         0    4.9212  0.002664
        21         0       100       0.8
        22         0    4.92120.00629673
        23         0   59.3354  0.352069
        24         0   59.3354  0.140828

--------------Summary for Origin 15 --------------------- 

Destination        Class Number        Range of calss: Trips 
         1                   2                   0-->9.677 : 0.00468222               9.677-->100 : 0.495318                   
         2                   2                   0-->9.677 : 0.000936443               9.677-->100 : 0.0990636                   
         3                   3                   0-->9.677 : 0.000936443               9.677-->54.7046 : 0.0289895             54.7046-->100 : 0.0700741                   
         4                   2                   0-->9.677 : 0.00468222               9.677-->100 : 0.495318                   
         5                   1                   0-->100 : 0.2                   
         6                   1                   0-->100 : 0.2                   
         7                   2                   0-->4.9212 : 0.00121091              4.9212-->100 : 0.498789                   
         8                   2                   0-->4.9212 : 0.00145309              4.9212-->100 : 0.598547                   
         9                   1                   0-->100 : 1                   
        10                   2                   0-->81.6339 : 2.66564             81.6339-->100 : 1.33436                   
        11                   3                   0-->9.677 : 0.0131102               9.677-->81.6339 : 0.919863             81.6339-->100 : 0.467027                   
        12                   4                   0-->9.677 : 0.0065551               9.677-->54.7046 : 0.202926             54.7046-->81.6339 : 0.257005             81.6339-->100 : 0.233513                   
        13                   4                   0-->9.677 : 0.0065551               9.677-->54.7046 : 0.202926             54.7046-->81.6339 : 0.257005             81.6339-->100 : 0.233513                   
        14                   2                   0-->59.3354 : 0.45769             59.3354-->100 : 0.84231                   
        15                   0                   
        16                   3                   0-->4.9212 : 0.00290619              4.9212-->57.9914 : 0.400654             57.9914-->100 : 0.79644                   
        17                   1                   0-->100 : 1.5                   
        18                   3                   0-->4.9212 : 0.000484364              4.9212-->57.9914 : 0.0667757             57.9914-->100 : 0.13274                   
        19                   1                   0-->100 : 0.8                   
        20                   2                   0-->4.9212 : 0.002664              4.9212-->100 : 1.09734                   
        21                   1                   0-->100 : 0.8                   
        22                   2                   0-->4.9212 : 0.00629673              4.9212-->100 : 2.5937                   
        23                   3                   0-->59.3354 : 0.352069             59.3354-->62.1605 : 0.0343238             62.1605-->100 : 0.613607                   
        24                   3                   0-->59.3354 : 0.140828             59.3354-->62.1605 : 0.0137295             62.1605-->100 : 0.245443                   
