    Origin        24
Class 1's a bounds are:77.3235------>100
Destination  Low Bound  Up Bound Demands of this class
         1       100       100         0
         2       100       100         0
         3       100       100         0
         4       100       100         0
         5       100       100         0
         6       100       100         0
         7       100       100         0
         8       100       100         0
         9       100       100         0
        10       100       100         0
        11       100       100         0
        12       100       100         0
        13       100       100         0
        14       100       100         0
        15       100       100         0
        16   77.3235       100  0.120632
        17   77.3235       100  0.120632
        18       100       100         0
        19       100       100         0
        20       100       100         0
        21       100       100         0
        22       100       100         0
        23       100       100         0
        24       100       100         0
Class 2's a bounds are:74.369------>77.3235
Destination  Low Bound  Up Bound Demands of this class
         1       100       100         0
         2    74.369       100         0
         3       100       100         0
         4       100       100         0
         5       100       100         0
         6    74.369       100 0.0446925
         7       100       100         0
         8       100       100         0
         9       100       100         0
        10       100       100         0
        11       100       100         0
        12       100       100         0
        13       100       100         0
        14       100       100         0
        15       100       100         0
        16   77.3235   77.3235         0
        17   77.3235   77.3235         0
        18       100       100         0
        19       100       100         0
        20       100       100         0
        21       100       100         0
        22       100       100         0
        23       100       100         0
        24       100       100         0
Class 3's a bounds are:62.4207------>74.369
Destination  Low Bound  Up Bound Demands of this class
         1       100       100         0
         2    74.369    74.369         0
         3       100       100         0
         4       100       100         0
         5       100       100         0
         6    74.369    74.369         0
         7       100       100         0
         8       100       100         0
         9       100       100         0
        10   62.4207       100  0.488292
        11       100       100         0
        12       100       100         0
        13       100       100         0
        14       100       100         0
        15   62.4207       100  0.244146
        16   77.3235   77.3235         0
        17   77.3235   77.3235         0
        18       100       100         0
        19   62.4207       100 0.0610366
        20       100       100         0
        21       100       100         0
        22   62.4207       100  0.671402
        23   62.4207       100  0.427256
        24       100       100         0
Class 4's a bounds are:62.0189------>62.4207
Destination  Low Bound  Up Bound Demands of this class
         1       100       100         0
         2    74.369    74.369         0
         3       100       100         0
         4       100       100         0
         5       100       100         0
         6    74.369    74.369         0
         7       100       100         0
         8       100       100         0
         9       100       100         0
        10   62.0189   62.42070.00399999
        11       100       100         0
        12       100       100         0
        13       100       100         0
        14   62.0189       100  0.246146
        15   62.0189   62.42070.00199999
        16   77.3235   77.3235         0
        17   77.3235   77.3235         0
        18       100       100         0
        19   62.0189   62.42070.000499998
        20       100       100         0
        21       100       100         0
        22   62.4207   62.4207         0
        23   62.4207   62.4207         0
        24       100       100         0
Class 4's a bounds are:0------>62.0189
Destination Low Bound  Up Bound Demands of this class
         1         0       100       0.1
         2         0    74.369         0
         3         0       100         0
         4         0       100       0.2
         5         0       100         0
         6         0    74.369 0.0553075
         7         0       100       0.1
         8         0       100       0.2
         9         0       100       0.2
        10         0   62.0189  0.307708
        11         0       100       0.6
        12         0       100       0.5
        13         0       100       0.7
        14         0   62.0189  0.153854
        15         0   62.0189  0.153854
        16         0   77.3235  0.179368
        17         0   77.3235  0.179368
        18         0       100         0
        19         0   62.0189 0.0384634
        20         0       100       0.4
        21         0       100       0.5
        22         0   62.4207  0.428598
        23         0   62.4207  0.272744
        24       100       100         0

--------------Summary for Origin 24 --------------------- 

Destination        Class Number        Range of calss: Trips 
         1                   1                   0-->100 : 0.1                   
         2                   0                   
         3                   0                   
         4                   1                   0-->100 : 0.2                   
         5                   0                   
         6                   2                   0-->74.369 : 0.0553075              74.369-->100 : 0.0446925                   
         7                   1                   0-->100 : 0.1                   
         8                   1                   0-->100 : 0.2                   
         9                   1                   0-->100 : 0.2                   
        10                   3                   0-->62.0189 : 0.307708             62.0189-->62.4207 : 0.00399999             62.4207-->100 : 0.488292                   
        11                   1                   0-->100 : 0.6                   
        12                   1                   0-->100 : 0.5                   
        13                   1                   0-->100 : 0.7                   
        14                   2                   0-->62.0189 : 0.153854             62.0189-->100 : 0.246146                   
        15                   3                   0-->62.0189 : 0.153854             62.0189-->62.4207 : 0.00199999             62.4207-->100 : 0.244146                   
        16                   2                   0-->77.3235 : 0.179368             77.3235-->100 : 0.120632                   
        17                   2                   0-->77.3235 : 0.179368             77.3235-->100 : 0.120632                   
        18                   0                   
        19                   3                   0-->62.0189 : 0.0384634             62.0189-->62.4207 : 0.000499998             62.4207-->100 : 0.0610366                   
        20                   1                   0-->100 : 0.4                   
        21                   1                   0-->100 : 0.5                   
        22                   2                   0-->62.4207 : 0.428598             62.4207-->100 : 0.671402                   
        23                   2                   0-->62.4207 : 0.272744             62.4207-->100 : 0.427256                   
        24                   0                   
