    Origin        19
Class 1's a bounds are:81.6339------>100
Destination  Low Bound  Up Bound Demands of this class
         1       100       100         0
         2       100       100         0
         3       100       100         0
         4       100       100         0
         5       100       100         0
         6       100       100         0
         7       100       100         0
         8       100       100         0
         9       100       100         0
        10   81.6339       100  0.600463
        11   81.6339       100  0.133436
        12   81.6339       100  0.100077
        13   81.6339       100  0.100077
        14       100       100         0
        15       100       100         0
        16       100       100         0
        17       100       100         0
        18       100       100         0
        19       100       100         0
        20       100       100         0
        21       100       100         0
        22       100       100         0
        23       100       100         0
        24       100       100         0
Class 2's a bounds are:62.1605------>81.6339
Destination  Low Bound  Up Bound Demands of this class
         1       100       100         0
         2       100       100         0
         3       100       100         0
         4       100       100         0
         5       100       100         0
         6       100       100         0
         7       100       100         0
         8       100       100         0
         9       100       100         0
        10   81.6339   81.6339         0
        11   81.6339   81.6339         0
        12   81.6339   81.6339         0
        13   81.6339   81.6339         0
        14       100       100         0
        15       100       100         0
        16       100       100         0
        17       100       100         0
        18       100       100         0
        19       100       100         0
        20       100       100         0
        21       100       100         0
        22       100       100         0
        23   62.1605       100  0.184082
        24   62.1605       100 0.0613607
Class 3's a bounds are:61.8827------>62.1605
Destination  Low Bound  Up Bound Demands of this class
         1       100       100         0
         2       100       100         0
         3       100       100         0
         4       100       100         0
         5   61.8827       100 0.0617053
         6   61.8827       100  0.123411
         7       100       100         0
         8       100       100         0
         9       100       100         0
        10   81.6339   81.6339         0
        11   81.6339   81.6339         0
        12   81.6339   81.6339         0
        13   81.6339   81.6339         0
        14       100       100         0
        15       100       100         0
        16       100       100         0
        17       100       100         0
        18       100       100         0
        19       100       100         0
        20       100       100         0
        21       100       100         0
        22       100       100         0
        23   62.1605   62.1605         0
        24   62.1605   62.1605         0
Class 4's a bounds are:59.3354------>61.8827
Destination  Low Bound  Up Bound Demands of this class
         1       100       100         0
         2       100       100         0
         3       100       100         0
         4       100       100         0
         5   61.8827   61.8827         0
         6   61.8827   61.8827         0
         7       100       100         0
         8       100       100         0
         9       100       100         0
        10   81.6339   81.6339         0
        11   81.6339   81.6339         0
        12   81.6339   81.6339         0
        13   81.6339   81.6339         0
        14   59.3354       100  0.194379
        15       100       100         0
        16       100       100         0
        17       100       100         0
        18       100       100         0
        19       100       100         0
        20       100       100         0
        21       100       100         0
        22       100       100         0
        23   59.3354   62.1605 0.0102971
        24   59.3354   62.16050.00343238
Class 5's a bounds are:57.9914------>59.3354
Destination  Low Bound  Up Bound Demands of this class
         1       100       100         0
         2       100       100         0
         3       100       100         0
         4       100       100         0
         5   61.8827   61.8827         0
         6   61.8827   61.8827         0
         7       100       100         0
         8       100       100         0
         9       100       100         0
        10   81.6339   81.6339         0
        11   81.6339   81.6339         0
        12   81.6339   81.6339         0
        13   81.6339   81.6339         0
        14   59.3354   59.3354         0
        15       100       100         0
        16   57.9914       100   0.86281
        17       100       100         0
        18   57.9914       100   0.19911
        19       100       100         0
        20       100       100         0
        21       100       100         0
        22       100       100         0
        23   59.3354   59.3354         0
        24   59.3354   59.3354         0
Class 6's a bounds are:54.7046------>57.9914
Destination  Low Bound  Up Bound Demands of this class
         1       100       100         0
         2       100       100         0
         3   54.7046       100         0
         4       100       100         0
         5   61.8827   61.8827         0
         6   61.8827   61.8827         0
         7       100       100         0
         8       100       100         0
         9       100       100         0
        10   81.6339   81.6339         0
        11   81.6339   81.6339         0
        12   54.7046   81.6339  0.110145
        13   54.7046   81.6339  0.110145
        14   59.3354   59.3354         0
        15       100       100         0
        16   57.9914   57.9914         0
        17       100       100         0
        18   57.9914   57.9914         0
        19       100       100         0
        20       100       100         0
        21       100       100         0
        22       100       100         0
        23   59.3354   59.3354         0
        24   59.3354   59.3354         0
Class 7's a bounds are:9.677------>54.7046
Destination  Low Bound  Up Bound Demands of this class
         1     9.677       100  0.297191
         2     9.677       100 0.0990636
         3     9.677   54.7046         0
         4     9.677       100  0.198127
         5   61.8827   61.8827         0
         6   61.8827   61.8827         0
         7       100       100         0
         8       100       100         0
         9       100       100         0
        10   81.6339   81.6339         0
        11     9.677   81.6339  0.262818
        12     9.677   54.7046 0.0869685
        13     9.677   54.7046 0.0869685
        14   59.3354   59.3354         0
        15       100       100         0
        16   57.9914   57.9914         0
        17       100       100         0
        18   57.9914   57.9914         0
        19       100       100         0
        20       100       100         0
        21       100       100         0
        22       100       100         0
        23   59.3354   59.3354         0
        24   59.3354   59.3354         0
Class 7's a bounds are:0------>9.677
Destination Low Bound  Up Bound Demands of this class
         1         0     9.6770.00280933
         2         0     9.6770.000936443
         3         0     9.677         0
         4         0     9.6770.00187289
         5         0   61.8827 0.0382947
         6         0   61.8827 0.0765894
         7         0       100       0.4
         8         0       100       0.7
         9         0       100       0.4
        10         0   81.6339   1.19954
        11         0     9.6770.00374577
        12         0     9.6770.00280933
        13         0     9.6770.00280933
        14         0   59.3354  0.105621
        15         0       100       0.8
        16         0   57.9914   0.43719
        17         0       100       1.7
        18         0   57.9914   0.10089
        19       100       100         0
        20         0       100       1.2
        21         0       100       0.4
        22         0       100       1.2
        23         0   59.3354  0.105621
        24         0   59.3354 0.0352069

--------------Summary for Origin 19 --------------------- 

Destination        Class Number        Range of calss: Trips 
         1                   2                   0-->9.677 : 0.00280933               9.677-->100 : 0.297191                   
         2                   2                   0-->9.677 : 0.000936443               9.677-->100 : 0.0990636                   
         3                   0                   
         4                   2                   0-->9.677 : 0.00187289               9.677-->100 : 0.198127                   
         5                   2                   0-->61.8827 : 0.0382947             61.8827-->100 : 0.0617053                   
         6                   2                   0-->61.8827 : 0.0765894             61.8827-->100 : 0.123411                   
         7                   1                   0-->100 : 0.4                   
         8                   1                   0-->100 : 0.7                   
         9                   1                   0-->100 : 0.4                   
        10                   2                   0-->81.6339 : 1.19954             81.6339-->100 : 0.600463                   
        11                   3                   0-->9.677 : 0.00374577               9.677-->81.6339 : 0.262818             81.6339-->100 : 0.133436                   
        12                   4                   0-->9.677 : 0.00280933               9.677-->54.7046 : 0.0869685             54.7046-->81.6339 : 0.110145             81.6339-->100 : 0.100077                   
        13                   4                   0-->9.677 : 0.00280933               9.677-->54.7046 : 0.0869685             54.7046-->81.6339 : 0.110145             81.6339-->100 : 0.100077                   
        14                   2                   0-->59.3354 : 0.105621             59.3354-->100 : 0.194379                   
        15                   1                   0-->100 : 0.8                   
        16                   2                   0-->57.9914 : 0.43719             57.9914-->100 : 0.86281                   
        17                   1                   0-->100 : 1.7                   
        18                   2                   0-->57.9914 : 0.10089             57.9914-->100 : 0.19911                   
        19                   0                   
        20                   1                   0-->100 : 1.2                   
        21                   1                   0-->100 : 0.4                   
        22                   1                   0-->100 : 1.2                   
        23                   3                   0-->59.3354 : 0.105621             59.3354-->62.1605 : 0.0102971             62.1605-->100 : 0.184082                   
        24                   3                   0-->59.3354 : 0.0352069             59.3354-->62.1605 : 0.00343238             62.1605-->100 : 0.0613607                   
