    Origin         8
Class 1's a bounds are:88.3633------>100
Destination  Low Bound  Up Bound Demands of this class
         1       100       100         0
         2       100       100         0
         3       100       100         0
         4       100       100         0
         5       100       100         0
         6       100       100         0
         7       100       100         0
         8       100       100         0
         9       100       100         0
        10   88.3633       100  0.350708
        11   88.3633       100  0.175354
        12       100       100         0
        13       100       100         0
        14       100       100         0
        15       100       100         0
        16       100       100         0
        17       100       100         0
        18       100       100         0
        19       100       100         0
        20       100       100         0
        21       100       100         0
        22       100       100         0
        23       100       100         0
        24       100       100         0
Class 2's a bounds are:74.7659------>88.3633
Destination  Low Bound  Up Bound Demands of this class
         1   74.7659       100  0.352805
         2       100       100         0
         3   74.7659       100 0.0882012
         4       100       100         0
         5       100       100         0
         6       100       100         0
         7       100       100         0
         8       100       100         0
         9       100       100         0
        10   88.3633   88.3633         0
        11   88.3633   88.3633         0
        12   74.7659       100  0.264604
        13   74.7659       100  0.264604
        14       100       100         0
        15       100       100         0
        16       100       100         0
        17       100       100         0
        18       100       100         0
        19       100       100         0
        20       100       100         0
        21       100       100         0
        22       100       100         0
        23       100       100         0
        24       100       100         0
Class 3's a bounds are:50.7024------>74.7659
Destination  Low Bound  Up Bound Demands of this class
         1   74.7659   74.7659         0
         2       100       100         0
         3   74.7659   74.7659         0
         4   50.7024       100  0.520049
         5   50.7024       100  0.371463
         6       100       100         0
         7       100       100         0
         8       100       100         0
         9   50.7024       100  0.594341
        10   88.3633   88.3633         0
        11   88.3633   88.3633         0
        12   74.7659   74.7659         0
        13   74.7659   74.7659         0
        14       100       100         0
        15       100       100         0
        16       100       100         0
        17       100       100         0
        18       100       100         0
        19       100       100         0
        20       100       100         0
        21       100       100         0
        22       100       100         0
        23       100       100         0
        24       100       100         0
Class 4's a bounds are:41.3825------>50.7024
Destination  Low Bound  Up Bound Demands of this class
         1   74.7659   74.7659         0
         2       100       100         0
         3   74.7659   74.7659         0
         4   50.7024   50.7024         0
         5   50.7024   50.7024         0
         6       100       100         0
         7       100       100         0
         8       100       100         0
         9   50.7024   50.7024         0
        10   88.3633   88.3633         0
        11   88.3633   88.3633         0
        12   74.7659   74.7659         0
        13   74.7659   74.7659         0
        14       100       100         0
        15       100       100         0
        16   41.3825       100   1.82325
        17   41.3825       100   1.16025
        18   41.3825       100  0.248625
        19       100       100         0
        20       100       100         0
        21       100       100         0
        22       100       100         0
        23       100       100         0
        24       100       100         0
Class 5's a bounds are:32.8024------>41.3825
Destination  Low Bound  Up Bound Demands of this class
         1   74.7659   74.7659         0
         2       100       100         0
         3   32.8024   74.7659 0.0902788
         4   32.8024   50.7024  0.104632
         5   50.7024   50.7024         0
         6       100       100         0
         7       100       100         0
         8       100       100         0
         9   50.7024   50.7024         0
        10   88.3633   88.3633         0
        11   88.3633   88.3633         0
        12   32.8024   74.7659  0.270837
        13   32.8024   74.7659  0.270837
        14       100       100         0
        15       100       100         0
        16   41.3825   41.3825         0
        17   41.3825   41.3825         0
        18   41.3825   41.3825         0
        19       100       100         0
        20       100       100         0
        21       100       100         0
        22       100       100         0
        23       100       100         0
        24       100       100         0
Class 6's a bounds are:25.0148------>32.8024
Destination  Low Bound  Up Bound Demands of this class
         1   74.7659   74.7659         0
         2       100       100         0
         3   32.8024   32.8024         0
         4   25.0148   32.8024  0.031518
         5   50.7024   50.7024         0
         6       100       100         0
         7       100       100         0
         8       100       100         0
         9   50.7024   50.7024         0
        10   88.3633   88.3633         0
        11   25.0148   88.3633  0.574587
        12   32.8024   32.8024         0
        13   32.8024   32.8024         0
        14       100       100         0
        15       100       100         0
        16   41.3825   41.3825         0
        17   41.3825   41.3825         0
        18   41.3825   41.3825         0
        19       100       100         0
        20       100       100         0
        21       100       100         0
        22       100       100         0
        23       100       100         0
        24       100       100         0
Class 7's a bounds are:11.0175------>25.0148
Destination  Low Bound  Up Bound Demands of this class
         1   74.7659   74.7659         0
         2       100       100         0
         3   32.8024   32.8024         0
         4   25.0148   25.0148         0
         5   50.7024   50.7024         0
         6       100       100         0
         7       100       100         0
         8       100       100         0
         9   50.7024   50.7024         0
        10   88.3633   88.3633         0
        11   25.0148   25.0148         0
        12   32.8024   32.8024         0
        13   32.8024   32.8024         0
        14   11.0175       100  0.395145
        15       100       100         0
        16   41.3825   41.3825         0
        17   41.3825   41.3825         0
        18   41.3825   41.3825         0
        19       100       100         0
        20       100       100         0
        21       100       100         0
        22       100       100         0
        23   11.0175       100  0.296358
        24       100       100         0
Class 8's a bounds are:9.951------>11.0175
Destination  Low Bound  Up Bound Demands of this class
         1     9.951   74.7659  0.439273
         2       100       100         0
         3     9.951   32.8024 0.0195395
         4   25.0148   25.0148         0
         5   50.7024   50.7024         0
         6       100       100         0
         7       100       100         0
         8       100       100         0
         9   50.7024   50.7024         0
        10   88.3633   88.3633         0
        11   25.0148   25.0148         0
        12   32.8024   32.8024         0
        13   32.8024   32.8024         0
        14   11.0175   11.0175         0
        15       100       100         0
        16   41.3825   41.3825         0
        17   41.3825   41.3825         0
        18   41.3825   41.3825         0
        19       100       100         0
        20       100       100         0
        21       100       100         0
        22       100       100         0
        23   11.0175   11.0175         0
        24       100       100         0
Class 9's a bounds are:4.886------>9.951
Destination  Low Bound  Up Bound Demands of this class
         1     4.886     9.9510.00601195
         2     4.886       100  0.399045
         3     9.951     9.951         0
         4   25.0148   25.0148         0
         5   50.7024   50.7024         0
         6       100       100         0
         7       100       100         0
         8       100       100         0
         9   50.7024   50.7024         0
        10   88.3633   88.3633         0
        11   25.0148   25.0148         0
        12   32.8024   32.8024         0
        13   32.8024   32.8024         0
        14   11.0175   11.0175         0
        15       100       100         0
        16   41.3825   41.3825         0
        17   41.3825   41.3825         0
        18   41.3825   41.3825         0
        19       100       100         0
        20       100       100         0
        21       100       100         0
        22       100       100         0
        23   11.0175   11.0175         0
        24       100       100         0
Class 9's a bounds are:0------>4.886
Destination Low Bound  Up Bound Demands of this class
         1         0     4.8860.00190984
         2         0     4.8860.00095492
         3         0     9.9510.00198045
         4         0   25.0148 0.0438018
         5         0   50.7024  0.128537
         6         0       100       0.8
         7         0       100         1
         8       100       100         0
         9         0   50.7024  0.205659
        10         0   88.3633   1.24929
        11         0   25.0148 0.0500592
        12         0   32.8024 0.0645598
        13         0   32.8024 0.0645598
        14         0   11.01750.00485541
        15         0       100       0.6
        16         0   41.3825  0.376752
        17         0   41.3825  0.239752
        18         0   41.3825 0.0513753
        19         0       100       0.7
        20         0       100       0.9
        21         0       100       0.4
        22         0       100       0.5
        23         0   11.01750.00364156
        24         0       100       0.2

--------------Summary for Origin 8 --------------------- 

Destination        Class Number        Range of calss: Trips 
         1                   4                   0-->4.886 : 0.00190984               4.886-->9.951 : 0.00601195               9.951-->74.7659 : 0.439273             74.7659-->100 : 0.352805                   
         2                   2                   0-->4.886 : 0.00095492               4.886-->100 : 0.399045                   
         3                   4                   0-->9.951 : 0.00198045               9.951-->32.8024 : 0.0195395             32.8024-->74.7659 : 0.0902788             74.7659-->100 : 0.0882012                   
         4                   4                   0-->25.0148 : 0.0438018             25.0148-->32.8024 : 0.031518             32.8024-->50.7024 : 0.104632             50.7024-->100 : 0.520049                   
         5                   2                   0-->50.7024 : 0.128537             50.7024-->100 : 0.371463                   
         6                   1                   0-->100 : 0.8                   
         7                   1                   0-->100 : 1                   
         8                   0                   
         9                   2                   0-->50.7024 : 0.205659             50.7024-->100 : 0.594341                   
        10                   2                   0-->88.3633 : 1.24929             88.3633-->100 : 0.350708                   
        11                   3                   0-->25.0148 : 0.0500592             25.0148-->88.3633 : 0.574587             88.3633-->100 : 0.175354                   
        12                   3                   0-->32.8024 : 0.0645598             32.8024-->74.7659 : 0.270837             74.7659-->100 : 0.264604                   
        13                   3                   0-->32.8024 : 0.0645598             32.8024-->74.7659 : 0.270837             74.7659-->100 : 0.264604                   
        14                   2                   0-->11.0175 : 0.00485541             11.0175-->100 : 0.395145                   
        15                   1                   0-->100 : 0.6                   
        16                   2                   0-->41.3825 : 0.376752             41.3825-->100 : 1.82325                   
        17                   2                   0-->41.3825 : 0.239752             41.3825-->100 : 1.16025                   
        18                   2                   0-->41.3825 : 0.0513753             41.3825-->100 : 0.248625                   
        19                   1                   0-->100 : 0.7                   
        20                   1                   0-->100 : 0.9                   
        21                   1                   0-->100 : 0.4                   
        22                   1                   0-->100 : 0.5                   
        23                   2                   0-->11.0175 : 0.00364156             11.0175-->100 : 0.296358                   
        24                   1                   0-->100 : 0.2                   
