    Origin        23
Class 1's a bounds are:90.0046------>100
Destination  Low Bound  Up Bound Demands of this class
         1       100       100         0
         2       100       100         0
         3   90.0046       100 0.0189917
         4   90.0046       100 0.0949586
         5   90.0046       100 0.0189917
         6   90.0046       100 0.0189917
         7       100       100         0
         8       100       100         0
         9       100       100         0
        10       100       100         0
        11       100       100         0
        12       100       100         0
        13       100       100         0
        14       100       100         0
        15       100       100         0
        16       100       100         0
        17       100       100         0
        18       100       100         0
        19       100       100         0
        20       100       100         0
        21       100       100         0
        22       100       100         0
        23       100       100         0
        24       100       100         0
Class 2's a bounds are:74.369------>90.0046
Destination  Low Bound  Up Bound Demands of this class
         1       100       100         0
         2    74.369       100         0
         3   90.0046   90.0046         0
         4   90.0046   90.0046         0
         5   90.0046   90.0046         0
         6    74.369   90.0046 0.0257008
         7       100       100         0
         8       100       100         0
         9       100       100         0
        10       100       100         0
        11       100       100         0
        12       100       100         0
        13       100       100         0
        14       100       100         0
        15       100       100         0
        16       100       100         0
        17       100       100         0
        18       100       100         0
        19       100       100         0
        20       100       100         0
        21       100       100         0
        22       100       100         0
        23       100       100         0
        24       100       100         0
Class 3's a bounds are:62.0189------>74.369
Destination  Low Bound  Up Bound Demands of this class
         1       100       100         0
         2    74.369    74.369         0
         3   90.0046   90.0046         0
         4   90.0046   90.0046         0
         5   90.0046   90.0046         0
         6    74.369    74.369         0
         7       100       100         0
         8       100       100         0
         9   62.0189       100  0.307683
        10   62.0189       100   1.10766
        11       100       100         0
        12       100       100         0
        13       100       100         0
        14   62.0189       100  0.676902
        15   62.0189       100  0.615366
        16       100       100         0
        17   62.0189       100  0.369219
        18       100       100         0
        19   62.0189       100   0.18461
        20       100       100         0
        21       100       100         0
        22       100       100         0
        23       100       100         0
        24       100       100         0
Class 4's a bounds are:28.794------>62.0189
Destination  Low Bound  Up Bound Demands of this class
         1       100       100         0
         2    74.369    74.369         0
         3   90.0046   90.0046         0
         4   90.0046   90.0046         0
         5    28.794   90.0046 0.0727173
         6    74.369    74.369         0
         7       100       100         0
         8       100       100         0
         9    28.794   62.0189  0.150862
        10   62.0189   62.0189         0
        11       100       100         0
        12       100       100         0
        13       100       100         0
        14   62.0189   62.0189         0
        15   62.0189   62.0189         0
        16       100       100         0
        17   62.0189   62.0189         0
        18       100       100         0
        19   62.0189   62.0189         0
        20       100       100         0
        21       100       100         0
        22       100       100         0
        23       100       100         0
        24       100       100         0
Class 4's a bounds are:0------>28.794
Destination Low Bound  Up Bound Demands of this class
         1         0       100       0.3
         2         0    74.369         0
         3         0   90.0046 0.0810083
         4         0   90.0046  0.405041
         5         0    28.7940.00829094
         6         0    74.369 0.0553075
         7         0       100       0.2
         8         0       100       0.3
         9         0    28.794 0.0414547
        10         0   62.0189  0.692342
        11         0       100       1.3
        12         0       100       0.7
        13         0       100       0.8
        14         0   62.0189  0.423098
        15         0   62.0189  0.384634
        16         0       100       0.5
        17         0   62.0189  0.230781
        18         0       100       0.1
        19         0   62.0189   0.11539
        20         0       100       0.7
        21         0       100       0.7
        22         0       100       2.1
        23       100       100         0
        24         0       100       0.7

--------------Summary for Origin 23 --------------------- 

Destination        Class Number        Range of calss: Trips 
         1                   1                   0-->100 : 0.3                   
         2                   0                   
         3                   2                   0-->90.0046 : 0.0810083             90.0046-->100 : 0.0189917                   
         4                   2                   0-->90.0046 : 0.405041             90.0046-->100 : 0.0949586                   
         5                   3                   0-->28.794 : 0.00829094              28.794-->90.0046 : 0.0727173             90.0046-->100 : 0.0189917                   
         6                   3                   0-->74.369 : 0.0553075              74.369-->90.0046 : 0.0257008             90.0046-->100 : 0.0189917                   
         7                   1                   0-->100 : 0.2                   
         8                   1                   0-->100 : 0.3                   
         9                   3                   0-->28.794 : 0.0414547              28.794-->62.0189 : 0.150862             62.0189-->100 : 0.307683                   
        10                   2                   0-->62.0189 : 0.692342             62.0189-->100 : 1.10766                   
        11                   1                   0-->100 : 1.3                   
        12                   1                   0-->100 : 0.7                   
        13                   1                   0-->100 : 0.8                   
        14                   2                   0-->62.0189 : 0.423098             62.0189-->100 : 0.676902                   
        15                   2                   0-->62.0189 : 0.384634             62.0189-->100 : 0.615366                   
        16                   1                   0-->100 : 0.5                   
        17                   2                   0-->62.0189 : 0.230781             62.0189-->100 : 0.369219                   
        18                   1                   0-->100 : 0.1                   
        19                   2                   0-->62.0189 : 0.11539             62.0189-->100 : 0.18461                   
        20                   1                   0-->100 : 0.7                   
        21                   1                   0-->100 : 0.7                   
        22                   1                   0-->100 : 2.1                   
        23                   0                   
        24                   1                   0-->100 : 0.7                   
