    Origin        12
Class 1's a bounds are:85.6546------>100
Destination  Low Bound  Up Bound Demands of this class
         1       100       100         0
         2       100       100         0
         3       100       100         0
         4       100       100         0
         5       100       100         0
         6       100       100         0
         7       100       100         0
         8       100       100         0
         9       100       100         0
        10   85.6546       100  0.532658
        11       100       100         0
        12       100       100         0
        13       100       100         0
        14       100       100         0
        15   85.6546       100   0.18643
        16       100       100         0
        17       100       100         0
        18       100       100         0
        19   85.6546       100 0.0798987
        20       100       100         0
        21       100       100         0
        22       100       100         0
        23       100       100         0
        24       100       100         0
Class 2's a bounds are:83.6524------>85.6546
Destination  Low Bound  Up Bound Demands of this class
         1       100       100         0
         2       100       100         0
         3       100       100         0
         4       100       100         0
         5       100       100         0
         6       100       100         0
         7   83.6524       100  0.210159
         8       100       100         0
         9       100       100         0
        10   85.6546   85.6546         0
        11       100       100         0
        12       100       100         0
        13       100       100         0
        14       100       100         0
        15   85.6546   85.6546         0
        16       100       100         0
        17       100       100         0
        18   83.6524       100 0.0600455
        19   85.6546   85.6546         0
        20       100       100         0
        21       100       100         0
        22       100       100         0
        23       100       100         0
        24       100       100         0
Class 3's a bounds are:74.369------>83.6524
Destination  Low Bound  Up Bound Demands of this class
         1       100       100         0
         2    74.369       100 0.0446925
         3       100       100         0
         4       100       100         0
         5       100       100         0
         6    74.369       100  0.089385
         7    74.369   83.6524  0.102688
         8    74.369       100  0.268155
         9       100       100         0
        10   85.6546   85.6546         0
        11       100       100         0
        12       100       100         0
        13       100       100         0
        14       100       100         0
        15   85.6546   85.6546         0
        16    74.369       100  0.312848
        17       100       100         0
        18    74.369   83.6524 0.0293395
        19   85.6546   85.6546         0
        20       100       100         0
        21       100       100         0
        22       100       100         0
        23       100       100         0
        24       100       100         0
Class 4's a bounds are:62.4207------>74.369
Destination  Low Bound  Up Bound Demands of this class
         1       100       100         0
         2    74.369    74.369         0
         3       100       100         0
         4       100       100         0
         5       100       100         0
         6    74.369    74.369         0
         7    74.369    74.369         0
         8    74.369    74.369         0
         9       100       100         0
        10   85.6546   85.6546         0
        11       100       100         0
        12       100       100         0
        13       100       100         0
        14       100       100         0
        15   85.6546   85.6546         0
        16    74.369    74.369         0
        17       100       100         0
        18    74.369    74.369         0
        19   85.6546   85.6546         0
        20       100       100         0
        21       100       100         0
        22   62.4207       100  0.427256
        23   62.4207       100  0.427256
        24       100       100         0
Class 5's a bounds are:54.2433------>62.4207
Destination  Low Bound  Up Bound Demands of this class
         1       100       100         0
         2    74.369    74.369         0
         3       100       100         0
         4       100       100         0
         5       100       100         0
         6    74.369    74.369         0
         7    74.369    74.369         0
         8    74.369    74.369         0
         9   54.2433       100   0.42346
        10   54.2433   85.6546  0.878875
        11       100       100         0
        12       100       100         0
        13       100       100         0
        14       100       100         0
        15   54.2433   85.6546  0.307606
        16    74.369    74.369         0
        17   54.2433       100   0.42346
        18    74.369    74.369         0
        19   54.2433   85.6546  0.131831
        20       100       100         0
        21       100       100         0
        22   62.4207   62.4207         0
        23   62.4207   62.4207         0
        24       100       100         0
Class 6's a bounds are:50.6941------>54.2433
Destination  Low Bound  Up Bound Demands of this class
         1       100       100         0
         2    74.369    74.369         0
         3       100       100         0
         4   50.6941       100  0.445806
         5       100       100         0
         6    74.369    74.369         0
         7    74.369    74.369         0
         8    74.369    74.369         0
         9   54.2433   54.2433         0
        10   54.2433   54.2433         0
        11   50.6941       100   1.04022
        12       100       100         0
        13       100       100         0
        14   50.6941       100  0.520108
        15   54.2433   54.2433         0
        16    74.369    74.369         0
        17   54.2433   54.2433         0
        18    74.369    74.369         0
        19   54.2433   54.2433         0
        20       100       100         0
        21       100       100         0
        22   62.4207   62.4207         0
        23   62.4207   62.4207         0
        24       100       100         0
Class 7's a bounds are:41.3825------>50.6941
Destination  Low Bound  Up Bound Demands of this class
         1       100       100         0
         2    74.369    74.369         0
         3       100       100         0
         4   50.6941   50.6941         0
         5       100       100         0
         6    74.369    74.369         0
         7    74.369    74.369         0
         8    74.369    74.369         0
         9   54.2433   54.2433         0
        10   54.2433   54.2433         0
        11   50.6941   50.6941         0
        12       100       100         0
        13       100       100         0
        14   50.6941   50.6941         0
        15   54.2433   54.2433         0
        16   41.3825    74.369  0.267277
        17   54.2433   54.2433         0
        18   41.3825    74.369 0.0763647
        19   54.2433   54.2433         0
        20       100       100         0
        21       100       100         0
        22   62.4207   62.4207         0
        23   62.4207   62.4207         0
        24       100       100         0
Class 8's a bounds are:32.5456------>41.3825
Destination  Low Bound  Up Bound Demands of this class
         1       100       100         0
         2    74.369    74.369         0
         3       100       100         0
         4   50.6941   50.6941         0
         5       100       100         0
         6    74.369    74.369         0
         7   32.5456    74.369  0.313007
         8   32.5456    74.369  0.268292
         9   32.5456   54.2433  0.112987
        10   54.2433   54.2433         0
        11   50.6941   50.6941         0
        12       100       100         0
        13       100       100         0
        14   50.6941   50.6941         0
        15   54.2433   54.2433         0
        16   32.5456   41.3825 0.0457307
        17   54.2433   54.2433         0
        18   32.5456   41.3825 0.0130659
        19   54.2433   54.2433         0
        20       100       100         0
        21       100       100         0
        22   62.4207   62.4207         0
        23   62.4207   62.4207         0
        24       100       100         0
Class 9's a bounds are:18.7797------>32.5456
Destination  Low Bound  Up Bound Demands of this class
         1       100       100         0
         2    74.369    74.369         0
         3       100       100         0
         4   50.6941   50.6941         0
         5       100       100         0
         6    74.369    74.369         0
         7   32.5456   32.5456         0
         8   32.5456   32.5456         0
         9   32.5456   32.5456         0
        10   54.2433   54.2433         0
        11   50.6941   50.6941         0
        12       100       100         0
        13       100       100         0
        14   50.6941   50.6941         0
        15   54.2433   54.2433         0
        16   32.5456   32.5456         0
        17   54.2433   54.2433         0
        18   18.7797   32.5456 0.0141308
        19   54.2433   54.2433         0
        20   18.7797       100  0.385893
        21       100       100         0
        22   62.4207   62.4207         0
        23   62.4207   62.4207         0
        24       100       100         0
Class 9's a bounds are:0------>18.7797
Destination Low Bound  Up Bound Demands of this class
         1         0       100       0.2
         2         0    74.369 0.0553075
         3         0       100       0.2
         4         0   50.6941  0.154194
         5         0       100       0.2
         6         0    74.369  0.110615
         7         0   32.5456 0.0741451
         8         0   32.5456  0.063553
         9         0   32.5456  0.063553
        10         0   54.2433  0.588467
        11         0   50.6941  0.359785
        12       100       100         0
        13         0       100       1.3
        14         0   50.6941  0.179892
        15         0   54.2433  0.205963
        16         0   32.5456 0.0741451
        17         0   54.2433   0.17654
        18         0   18.77970.00705354
        19         0   54.2433 0.0882701
        20         0   18.7797 0.0141071
        21         0       100       0.3
        22         0   62.4207  0.272744
        23         0   62.4207  0.272744
        24         0       100       0.5

--------------Summary for Origin 12 --------------------- 

Destination        Class Number        Range of calss: Trips 
         1                   1                   0-->100 : 0.2                   
         2                   2                   0-->74.369 : 0.0553075              74.369-->100 : 0.0446925                   
         3                   1                   0-->100 : 0.2                   
         4                   2                   0-->50.6941 : 0.154194             50.6941-->100 : 0.445806                   
         5                   1                   0-->100 : 0.2                   
         6                   2                   0-->74.369 : 0.110615              74.369-->100 : 0.089385                   
         7                   4                   0-->32.5456 : 0.0741451             32.5456-->74.369 : 0.313007              74.369-->83.6524 : 0.102688             83.6524-->100 : 0.210159                   
         8                   3                   0-->32.5456 : 0.063553             32.5456-->74.369 : 0.268292              74.369-->100 : 0.268155                   
         9                   3                   0-->32.5456 : 0.063553             32.5456-->54.2433 : 0.112987             54.2433-->100 : 0.42346                   
        10                   3                   0-->54.2433 : 0.588467             54.2433-->85.6546 : 0.878875             85.6546-->100 : 0.532658                   
        11                   2                   0-->50.6941 : 0.359785             50.6941-->100 : 1.04022                   
        12                   0                   
        13                   1                   0-->100 : 1.3                   
        14                   2                   0-->50.6941 : 0.179892             50.6941-->100 : 0.520108                   
        15                   3                   0-->54.2433 : 0.205963             54.2433-->85.6546 : 0.307606             85.6546-->100 : 0.18643                   
        16                   4                   0-->32.5456 : 0.0741451             32.5456-->41.3825 : 0.0457307             41.3825-->74.369 : 0.267277              74.369-->100 : 0.312848                   
        17                   2                   0-->54.2433 : 0.17654             54.2433-->100 : 0.42346                   
        18                   6                   0-->18.7797 : 0.00705354             18.7797-->32.5456 : 0.0141308             32.5456-->41.3825 : 0.0130659             41.3825-->74.369 : 0.0763647              74.369-->83.6524 : 0.0293395             83.6524-->100 : 0.0600455                   
        19                   3                   0-->54.2433 : 0.0882701             54.2433-->85.6546 : 0.131831             85.6546-->100 : 0.0798987                   
        20                   2                   0-->18.7797 : 0.0141071             18.7797-->100 : 0.385893                   
        21                   1                   0-->100 : 0.3                   
        22                   2                   0-->62.4207 : 0.272744             62.4207-->100 : 0.427256                   
        23                   2                   0-->62.4207 : 0.272744             62.4207-->100 : 0.427256                   
        24                   1                   0-->100 : 0.5                   
