    Origin        16
Class 1's a bounds are:74.7659------>100
Destination  Low Bound  Up Bound Demands of this class
         1   74.7659       100  0.220503
         2       100       100         0
         3   74.7659       100 0.0882012
         4       100       100         0
         5       100       100         0
         6       100       100         0
         7       100       100         0
         8       100       100         0
         9       100       100         0
        10       100       100         0
        11       100       100         0
        12   74.7659       100  0.308704
        13       100       100         0
        14       100       100         0
        15       100       100         0
        16       100       100         0
        17       100       100         0
        18       100       100         0
        19       100       100         0
        20       100       100         0
        21       100       100         0
        22       100       100         0
        23       100       100         0
        24       100       100         0
Class 2's a bounds are:57.8297------>74.7659
Destination  Low Bound  Up Bound Demands of this class
         1   74.7659   74.7659         0
         2       100       100         0
         3   74.7659   74.7659         0
         4       100       100         0
         5       100       100         0
         6       100       100         0
         7       100       100         0
         8       100       100         0
         9       100       100         0
        10       100       100         0
        11       100       100         0
        12   74.7659   74.7659         0
        13       100       100         0
        14   57.8297       100  0.465901
        15   57.8297       100  0.798687
        16       100       100         0
        17       100       100         0
        18       100       100         0
        19   57.8297       100  0.865244
        20   57.8297       100   1.06492
        21       100       100         0
        22       100       100         0
        23       100       100         0
        24       100       100         0
Class 3's a bounds are:50.7024------>57.8297
Destination  Low Bound  Up Bound Demands of this class
         1   74.7659   74.7659         0
         2       100       100         0
         3   74.7659   74.7659         0
         4   50.7024       100  0.594341
         5   50.7024       100  0.371463
         6       100       100         0
         7       100       100         0
         8       100       100         0
         9   50.7024       100    1.0401
        10       100       100         0
        11       100       100         0
        12   74.7659   74.7659         0
        13       100       100         0
        14   57.8297   57.8297         0
        15   57.8297   57.8297         0
        16       100       100         0
        17       100       100         0
        18       100       100         0
        19   57.8297   57.8297         0
        20   57.8297   57.8297         0
        21       100       100         0
        22       100       100         0
        23       100       100         0
        24       100       100         0
Class 4's a bounds are:41.1314------>50.7024
Destination  Low Bound  Up Bound Demands of this class
         1   41.1314   74.7659  0.194907
         2   41.1314       100  0.332328
         3   41.1314   74.7659  0.077963
         4   41.1314   50.7024 0.0703153
         5   41.1314   50.7024 0.0439471
         6   41.1314       100  0.747739
         7   41.1314       100   1.16315
         8   41.1314       100   1.82781
         9   41.1314   50.7024  0.123052
        10       100       100         0
        11       100       100         0
        12   41.1314   74.7659   0.27287
        13       100       100         0
        14   57.8297   57.8297         0
        15   57.8297   57.8297         0
        16       100       100         0
        17       100       100         0
        18       100       100         0
        19   57.8297   57.8297         0
        20   57.8297   57.8297         0
        21       100       100         0
        22       100       100         0
        23       100       100         0
        24       100       100         0
Class 5's a bounds are:32.8024------>41.1314
Destination  Low Bound  Up Bound Demands of this class
         1   41.1314   41.1314         0
         2   41.1314   41.1314         0
         3   32.8024   41.1314 0.0123159
         4   32.8024   41.1314 0.0492636
         5   41.1314   41.1314         0
         6   41.1314   41.1314         0
         7   41.1314   41.1314         0
         8   41.1314   41.1314         0
         9   41.1314   41.1314         0
        10       100       100         0
        11       100       100         0
        12   32.8024   41.1314 0.0431056
        13       100       100         0
        14   57.8297   57.8297         0
        15   57.8297   57.8297         0
        16       100       100         0
        17       100       100         0
        18       100       100         0
        19   57.8297   57.8297         0
        20   57.8297   57.8297         0
        21       100       100         0
        22       100       100         0
        23       100       100         0
        24       100       100         0
Class 6's a bounds are:30.523------>32.8024
Destination  Low Bound  Up Bound Demands of this class
         1   41.1314   41.1314         0
         2   41.1314   41.1314         0
         3   32.8024   32.8024         0
         4   32.8024   32.8024         0
         5   41.1314   41.1314         0
         6   41.1314   41.1314         0
         7   41.1314   41.1314         0
         8   41.1314   41.1314         0
         9   41.1314   41.1314         0
        10       100       100         0
        11       100       100         0
        12    30.523   32.8024 0.0101041
        13    30.523       100  0.544101
        14   57.8297   57.8297         0
        15   57.8297   57.8297         0
        16       100       100         0
        17       100       100         0
        18       100       100         0
        19   57.8297   57.8297         0
        20   57.8297   57.8297         0
        21       100       100         0
        22       100       100         0
        23       100       100         0
        24       100       100         0
Class 7's a bounds are:11.0175------>30.523
Destination  Low Bound  Up Bound Demands of this class
         1   41.1314   41.1314         0
         2   41.1314   41.1314         0
         3   32.8024   32.8024         0
         4   32.8024   32.8024         0
         5   41.1314   41.1314         0
         6   41.1314   41.1314         0
         7   41.1314   41.1314         0
         8   41.1314   41.1314         0
         9   41.1314   41.1314         0
        10       100       100         0
        11       100       100         0
        12    30.523    30.523         0
        13    30.523    30.523         0
        14   11.0175   57.8297  0.225602
        15   57.8297   57.8297         0
        16       100       100         0
        17       100       100         0
        18       100       100         0
        19   57.8297   57.8297         0
        20   57.8297   57.8297         0
        21       100       100         0
        22       100       100         0
        23   11.0175       100  0.493931
        24       100       100         0
Class 8's a bounds are:9.951------>11.0175
Destination  Low Bound  Up Bound Demands of this class
         1     9.951   41.1314 0.0796385
         2   41.1314   41.1314         0
         3     9.951   32.8024 0.0195395
         4   32.8024   32.8024         0
         5   41.1314   41.1314         0
         6   41.1314   41.1314         0
         7   41.1314   41.1314         0
         8   41.1314   41.1314         0
         9   41.1314   41.1314         0
        10       100       100         0
        11       100       100         0
        12    30.523    30.523         0
        13    30.523    30.523         0
        14   11.0175   11.0175         0
        15   57.8297   57.8297         0
        16       100       100         0
        17       100       100         0
        18       100       100         0
        19   57.8297   57.8297         0
        20   57.8297   57.8297         0
        21       100       100         0
        22       100       100         0
        23   11.0175   11.0175         0
        24       100       100         0
Class 9's a bounds are:6.2971------>9.951
Destination  Low Bound  Up Bound Demands of this class
         1     9.951     9.951         0
         2   41.1314   41.1314         0
         3     9.951     9.951         0
         4    6.2971   32.8024 0.0829075
         5   41.1314   41.1314         0
         6   41.1314   41.1314         0
         7   41.1314   41.1314         0
         8   41.1314   41.1314         0
         9   41.1314   41.1314         0
        10       100       100         0
        11    6.2971       100   1.39445
        12    30.523    30.523         0
        13    30.523    30.523         0
        14   11.0175   11.0175         0
        15   57.8297   57.8297         0
        16       100       100         0
        17       100       100         0
        18       100       100         0
        19   57.8297   57.8297         0
        20   57.8297   57.8297         0
        21       100       100         0
        22       100       100         0
        23   11.0175   11.0175         0
        24       100       100         0
Class 10's a bounds are:4.886------>6.2971
Destination  Low Bound  Up Bound Demands of this class
         1     4.886     9.9510.00375747
         2     4.886   41.1314 0.0667168
         3     9.951     9.951         0
         4    6.2971    6.2971         0
         5   41.1314   41.1314         0
         6   41.1314   41.1314         0
         7   41.1314   41.1314         0
         8   41.1314   41.1314         0
         9   41.1314   41.1314         0
        10       100       100         0
        11    6.2971    6.2971         0
        12    30.523    30.523         0
        13    30.523    30.523         0
        14   11.0175   11.0175         0
        15   57.8297   57.8297         0
        16       100       100         0
        17       100       100         0
        18       100       100         0
        19   57.8297   57.8297         0
        20   57.8297   57.8297         0
        21       100       100         0
        22       100       100         0
        23   11.0175   11.0175         0
        24       100       100         0
Class 11's a bounds are:1.8046------>4.886
Destination  Low Bound  Up Bound Demands of this class
         1     4.886     4.886         0
         2     4.886     4.886         0
         3     9.951     9.951         0
         4    6.2971    6.2971         0
         5   41.1314   41.1314         0
         6   41.1314   41.1314         0
         7   41.1314   41.1314         0
         8   41.1314   41.1314         0
         9    1.8046   41.1314  0.236395
        10    1.8046       100   4.39857
        11    6.2971    6.2971         0
        12    30.523    30.523         0
        13    30.523    30.523         0
        14   11.0175   11.0175         0
        15   57.8297   57.8297         0
        16       100       100         0
        17       100       100         0
        18       100       100         0
        19   57.8297   57.8297         0
        20   57.8297   57.8297         0
        21       100       100         0
        22       100       100         0
        23   11.0175   11.0175         0
        24       100       100         0
Class 11's a bounds are:0------>1.8046
Destination Low Bound  Up Bound Demands of this class
         1         0     4.8860.00119365
         2         0     4.8860.00095492
         3         0     9.9510.00198045
         4         0    6.29710.00317228
         5         0   41.1314 0.0845896
         6         0   41.1314  0.152261
         7         0   41.1314  0.236851
         8         0   41.1314  0.372194
         9         0    1.80460.000455921
        10         0    1.8046 0.0014329
        11         0    6.29710.00555149
        12         0    30.523 0.0652157
        13         0    30.523 0.0558992
        14         0   11.01750.00849697
        15         0   57.8297  0.401313
        16       100       100         0
        17         0       100       2.8
        18         0       100       0.5
        19         0   57.8297  0.434756
        20         0   57.8297  0.535084
        21         0       100       0.6
        22         0       100       1.2
        23         0   11.01750.00606927
        24         0       100       0.3

--------------Summary for Origin 16 --------------------- 

Destination        Class Number        Range of calss: Trips 
         1                   5                   0-->4.886 : 0.00119365               4.886-->9.951 : 0.00375747               9.951-->41.1314 : 0.0796385             41.1314-->74.7659 : 0.194907             74.7659-->100 : 0.220503                   
         2                   3                   0-->4.886 : 0.00095492               4.886-->41.1314 : 0.0667168             41.1314-->100 : 0.332328                   
         3                   5                   0-->9.951 : 0.00198045               9.951-->32.8024 : 0.0195395             32.8024-->41.1314 : 0.0123159             41.1314-->74.7659 : 0.077963             74.7659-->100 : 0.0882012                   
         4                   5                   0-->6.2971 : 0.00317228              6.2971-->32.8024 : 0.0829075             32.8024-->41.1314 : 0.0492636             41.1314-->50.7024 : 0.0703153             50.7024-->100 : 0.594341                   
         5                   3                   0-->41.1314 : 0.0845896             41.1314-->50.7024 : 0.0439471             50.7024-->100 : 0.371463                   
         6                   2                   0-->41.1314 : 0.152261             41.1314-->100 : 0.747739                   
         7                   2                   0-->41.1314 : 0.236851             41.1314-->100 : 1.16315                   
         8                   2                   0-->41.1314 : 0.372194             41.1314-->100 : 1.82781                   
         9                   4                   0-->1.8046 : 0.000455921              1.8046-->41.1314 : 0.236395             41.1314-->50.7024 : 0.123052             50.7024-->100 : 1.0401                   
        10                   2                   0-->1.8046 : 0.0014329              1.8046-->100 : 4.39857                   
        11                   2                   0-->6.2971 : 0.00555149              6.2971-->100 : 1.39445                   
        12                   5                   0-->30.523 : 0.0652157              30.523-->32.8024 : 0.0101041             32.8024-->41.1314 : 0.0431056             41.1314-->74.7659 : 0.27287             74.7659-->100 : 0.308704                   
        13                   2                   0-->30.523 : 0.0558992              30.523-->100 : 0.544101                   
        14                   3                   0-->11.0175 : 0.00849697             11.0175-->57.8297 : 0.225602             57.8297-->100 : 0.465901                   
        15                   2                   0-->57.8297 : 0.401313             57.8297-->100 : 0.798687                   
        16                   0                   
        17                   1                   0-->100 : 2.8                   
        18                   1                   0-->100 : 0.5                   
        19                   2                   0-->57.8297 : 0.434756             57.8297-->100 : 0.865244                   
        20                   2                   0-->57.8297 : 0.535084             57.8297-->100 : 1.06492                   
        21                   1                   0-->100 : 0.6                   
        22                   1                   0-->100 : 1.2                   
        23                   2                   0-->11.0175 : 0.00606927             11.0175-->100 : 0.493931                   
        24                   1                   0-->100 : 0.3                   
