    Origin         4
Class 1's a bounds are:83.9065------>100
Destination  Low Bound  Up Bound Demands of this class
         1       100       100         0
         2       100       100         0
         3       100       100         0
         4       100       100         0
         5       100       100         0
         6       100       100         0
         7       100       100         0
         8       100       100         0
         9       100       100         0
        10       100       100         0
        11       100       100         0
        12       100       100         0
        13       100       100         0
        14       100       100         0
        15       100       100         0
        16       100       100         0
        17       100       100         0
        18       100       100         0
        19       100       100         0
        20       100       100         0
        21       100       100         0
        22       100       100         0
        23   83.9065       100  0.147985
        24   83.9065       100  0.059194
Class 2's a bounds are:71.3564------>83.9065
Destination  Low Bound  Up Bound Demands of this class
         1       100       100         0
         2       100       100         0
         3       100       100         0
         4       100       100         0
         5       100       100         0
         6       100       100         0
         7       100       100         0
         8       100       100         0
         9       100       100         0
        10       100       100         0
        11       100       100         0
        12       100       100         0
        13       100       100         0
        14       100       100         0
        15   71.3564       100  0.245413
        16       100       100         0
        17       100       100         0
        18       100       100         0
        19       100       100         0
        20       100       100         0
        21       100       100         0
        22   71.3564       100  0.196331
        23   83.9065   83.9065         0
        24   83.9065   83.9065         0
Class 3's a bounds are:56.9446------>71.3564
Destination  Low Bound  Up Bound Demands of this class
         1       100       100         0
         2       100       100         0
         3       100       100         0
         4       100       100         0
         5       100       100         0
         6       100       100         0
         7       100       100         0
         8       100       100         0
         9       100       100         0
        10       100       100         0
        11       100       100         0
        12       100       100         0
        13       100       100         0
        14       100       100         0
        15   71.3564   71.3564         0
        16       100       100         0
        17       100       100         0
        18       100       100         0
        19       100       100         0
        20       100       100         0
        21       100       100         0
        22   56.9446   71.3564 0.0739619
        23   56.9446   83.9065  0.189881
        24   83.9065   83.9065         0
Class 4's a bounds are:50.0709------>56.9446
Destination  Low Bound  Up Bound Demands of this class
         1       100       100         0
         2       100       100         0
         3       100       100         0
         4       100       100         0
         5       100       100         0
         6       100       100         0
         7   50.0709       100  0.299716
         8   50.0709       100  0.524503
         9   50.0709       100  0.524503
        10       100       100         0
        11       100       100         0
        12       100       100         0
        13       100       100         0
        14       100       100         0
        15   71.3564   71.3564         0
        16   50.0709       100  0.599432
        17       100       100         0
        18   50.0709       100  0.074929
        19       100       100         0
        20   50.0709       100  0.224787
        21       100       100         0
        22   56.9446   56.9446         0
        23   56.9446   56.9446         0
        24   83.9065   83.9065         0
Class 5's a bounds are:41.3825------>50.0709
Destination  Low Bound  Up Bound Demands of this class
         1       100       100         0
         2       100       100         0
         3       100       100         0
         4       100       100         0
         5       100       100         0
         6       100       100         0
         7   50.0709   50.0709         0
         8   50.0709   50.0709         0
         9   50.0709   50.0709         0
        10       100       100         0
        11       100       100         0
        12       100       100         0
        13       100       100         0
        14       100       100         0
        15   71.3564   71.3564         0
        16   41.3825   50.0709 0.0635667
        17       100       100         0
        18   41.3825   50.07090.00794584
        19       100       100         0
        20   50.0709   50.0709         0
        21       100       100         0
        22   56.9446   56.9446         0
        23   56.9446   56.9446         0
        24   83.9065   83.9065         0
Class 6's a bounds are:0.1346------>41.3825
Destination  Low Bound  Up Bound Demands of this class
         1       100       100         0
         2    0.1346       100       0.2
         3       100       100         0
         4       100       100         0
         5       100       100         0
         6    0.1346       100  0.399999
         7   50.0709   50.0709         0
         8   50.0709   50.0709         0
         9   50.0709   50.0709         0
        10       100       100         0
        11       100       100         0
        12       100       100         0
        13       100       100         0
        14       100       100         0
        15   71.3564   71.3564         0
        16   41.3825   41.3825         0
        17       100       100         0
        18   41.3825   41.3825         0
        19       100       100         0
        20   50.0709   50.0709         0
        21       100       100         0
        22   56.9446   56.9446         0
        23   56.9446   56.9446         0
        24   83.9065   83.9065         0
Class 6's a bounds are:0------>0.1346
Destination Low Bound  Up Bound Demands of this class
         1         0       100       0.5
         2         0    0.13463.62343e-007
         3         0       100       0.2
         4       100       100         0
         5         0       100       0.5
         6         0    0.13467.24686e-007
         7         0   50.0709  0.100284
         8         0   50.0709  0.175497
         9         0   50.0709  0.175497
        10         0       100       1.2
        11         0       100       1.4
        12         0       100       0.6
        13         0       100       0.6
        14         0       100       0.5
        15         0   71.3564  0.254587
        16         0   41.3825  0.137001
        17         0       100       0.5
        18         0   41.3825 0.0171251
        19         0       100       0.2
        20         0   50.0709 0.0752129
        21         0       100       0.2
        22         0   56.9446  0.129707
        23         0   56.9446  0.162134
        24         0   83.9065  0.140806

--------------Summary for Origin 4 --------------------- 

Destination        Class Number        Range of calss: Trips 
         1                   1                   0-->100 : 0.5                   
         2                   2                   0-->0.1346 : 3.62343e-007              0.1346-->100 : 0.2                   
         3                   1                   0-->100 : 0.2                   
         4                   0                   
         5                   1                   0-->100 : 0.5                   
         6                   2                   0-->0.1346 : 7.24686e-007              0.1346-->100 : 0.399999                   
         7                   2                   0-->50.0709 : 0.100284             50.0709-->100 : 0.299716                   
         8                   2                   0-->50.0709 : 0.175497             50.0709-->100 : 0.524503                   
         9                   2                   0-->50.0709 : 0.175497             50.0709-->100 : 0.524503                   
        10                   1                   0-->100 : 1.2                   
        11                   1                   0-->100 : 1.4                   
        12                   1                   0-->100 : 0.6                   
        13                   1                   0-->100 : 0.6                   
        14                   1                   0-->100 : 0.5                   
        15                   2                   0-->71.3564 : 0.254587             71.3564-->100 : 0.245413                   
        16                   3                   0-->41.3825 : 0.137001             41.3825-->50.0709 : 0.0635667             50.0709-->100 : 0.599432                   
        17                   1                   0-->100 : 0.5                   
        18                   3                   0-->41.3825 : 0.0171251             41.3825-->50.0709 : 0.00794584             50.0709-->100 : 0.074929                   
        19                   1                   0-->100 : 0.2                   
        20                   2                   0-->50.0709 : 0.0752129             50.0709-->100 : 0.224787                   
        21                   1                   0-->100 : 0.2                   
        22                   3                   0-->56.9446 : 0.129707             56.9446-->71.3564 : 0.0739619             71.3564-->100 : 0.196331                   
        23                   3                   0-->56.9446 : 0.162134             56.9446-->83.9065 : 0.189881             83.9065-->100 : 0.147985                   
        24                   2                   0-->83.9065 : 0.140806             83.9065-->100 : 0.059194                   
