    Origin        18
Class 1's a bounds are:88.7798------>100
Destination  Low Bound  Up Bound Demands of this class
         1       100       100         0
         2       100       100         0
         3   88.7798       100         0
         4       100       100         0
         5       100       100         0
         6       100       100         0
         7       100       100         0
         8       100       100         0
         9       100       100         0
        10       100       100         0
        11       100       100         0
        12   88.7798       100 0.0423629
        13       100       100         0
        14       100       100         0
        15       100       100         0
        16       100       100         0
        17       100       100         0
        18       100       100         0
        19       100       100         0
        20       100       100         0
        21       100       100         0
        22       100       100         0
        23       100       100         0
        24       100       100         0
Class 2's a bounds are:74.7659------>88.7798
Destination  Low Bound  Up Bound Demands of this class
         1   74.7659       100 0.0441006
         2       100       100         0
         3   74.7659   88.7798         0
         4       100       100         0
         5       100       100         0
         6       100       100         0
         7       100       100         0
         8       100       100         0
         9       100       100         0
        10       100       100         0
        11       100       100         0
        12   74.7659   88.7798 0.0458383
        13       100       100         0
        14       100       100         0
        15       100       100         0
        16       100       100         0
        17       100       100         0
        18       100       100         0
        19       100       100         0
        20       100       100         0
        21       100       100         0
        22       100       100         0
        23       100       100         0
        24       100       100         0
Class 3's a bounds are:50.7024------>74.7659
Destination  Low Bound  Up Bound Demands of this class
         1   74.7659   74.7659         0
         2       100       100         0
         3   74.7659   74.7659         0
         4   50.7024       100 0.0742927
         5   50.7024       100         0
         6       100       100         0
         7       100       100         0
         8       100       100         0
         9   50.7024       100  0.148585
        10       100       100         0
        11       100       100         0
        12   74.7659   74.7659         0
        13       100       100         0
        14       100       100         0
        15       100       100         0
        16       100       100         0
        17       100       100         0
        18       100       100         0
        19       100       100         0
        20       100       100         0
        21       100       100         0
        22       100       100         0
        23       100       100         0
        24       100       100         0
Class 4's a bounds are:32.8024------>50.7024
Destination  Low Bound  Up Bound Demands of this class
         1   74.7659   74.7659         0
         2       100       100         0
         3   32.8024   74.7659         0
         4   32.8024   50.7024 0.0149474
         5   50.7024   50.7024         0
         6       100       100         0
         7       100       100         0
         8       100       100         0
         9   50.7024   50.7024         0
        10       100       100         0
        11       100       100         0
        12   32.8024   74.7659 0.0902788
        13       100       100         0
        14       100       100         0
        15       100       100         0
        16       100       100         0
        17       100       100         0
        18       100       100         0
        19       100       100         0
        20       100       100         0
        21       100       100         0
        22       100       100         0
        23       100       100         0
        24       100       100         0
Class 5's a bounds are:30.523------>32.8024
Destination  Low Bound  Up Bound Demands of this class
         1   74.7659   74.7659         0
         2       100       100         0
         3   32.8024   32.8024         0
         4   32.8024   32.8024         0
         5   50.7024   50.7024         0
         6       100       100         0
         7       100       100         0
         8       100       100         0
         9   50.7024   50.7024         0
        10       100       100         0
        11       100       100         0
        12    30.523   32.80240.00288688
        13    30.523       100 0.0906835
        14       100       100         0
        15       100       100         0
        16       100       100         0
        17       100       100         0
        18       100       100         0
        19       100       100         0
        20       100       100         0
        21       100       100         0
        22       100       100         0
        23       100       100         0
        24       100       100         0
Class 6's a bounds are:17.2764------>30.523
Destination  Low Bound  Up Bound Demands of this class
         1   74.7659   74.7659         0
         2       100       100         0
         3   32.8024   32.8024         0
         4   17.2764   32.80240.00777523
         5   50.7024   50.7024         0
         6       100       100         0
         7       100       100         0
         8       100       100         0
         9   50.7024   50.7024         0
        10       100       100         0
        11   17.2764       100  0.194031
        12    30.523    30.523         0
        13    30.523    30.523         0
        14       100       100         0
        15       100       100         0
        16       100       100         0
        17       100       100         0
        18       100       100         0
        19       100       100         0
        20       100       100         0
        21       100       100         0
        22       100       100         0
        23       100       100         0
        24       100       100         0
Class 7's a bounds are:14.2477------>17.2764
Destination  Low Bound  Up Bound Demands of this class
         1   74.7659   74.7659         0
         2       100       100         0
         3   32.8024   32.8024         0
         4   17.2764   17.2764         0
         5   50.7024   50.7024         0
         6       100       100         0
         7       100       100         0
         8       100       100         0
         9   14.2477   50.7024 0.0473547
        10   14.2477       100   0.68579
        11   17.2764   17.2764         0
        12    30.523    30.523         0
        13    30.523    30.523         0
        14       100       100         0
        15       100       100         0
        16       100       100         0
        17       100       100         0
        18       100       100         0
        19       100       100         0
        20       100       100         0
        21       100       100         0
        22       100       100         0
        23       100       100         0
        24       100       100         0
Class 8's a bounds are:11.0175------>14.2477
Destination  Low Bound  Up Bound Demands of this class
         1   74.7659   74.7659         0
         2       100       100         0
         3   32.8024   32.8024         0
         4   17.2764   17.2764         0
         5   50.7024   50.7024         0
         6       100       100         0
         7       100       100         0
         8       100       100         0
         9   14.2477   14.2477         0
        10   14.2477   14.2477         0
        11   17.2764   17.2764         0
        12    30.523    30.523         0
        13    30.523    30.523         0
        14   11.0175       100 0.0987861
        15       100       100         0
        16       100       100         0
        17       100       100         0
        18       100       100         0
        19       100       100         0
        20       100       100         0
        21       100       100         0
        22       100       100         0
        23   11.0175       100 0.0987861
        24       100       100         0
Class 9's a bounds are:9.951------>11.0175
Destination  Low Bound  Up Bound Demands of this class
         1     9.951   74.7659 0.0549092
         2       100       100         0
         3     9.951   32.8024         0
         4   17.2764   17.2764         0
         5   50.7024   50.7024         0
         6       100       100         0
         7       100       100         0
         8       100       100         0
         9   14.2477   14.2477         0
        10   14.2477   14.2477         0
        11   17.2764   17.2764         0
        12    30.523    30.523         0
        13    30.523    30.523         0
        14   11.0175   11.0175         0
        15       100       100         0
        16       100       100         0
        17       100       100         0
        18       100       100         0
        19       100       100         0
        20       100       100         0
        21       100       100         0
        22       100       100         0
        23   11.0175   11.0175         0
        24       100       100         0
Class 10's a bounds are:4.886------>9.951
Destination  Low Bound  Up Bound Demands of this class
         1     4.886     9.9510.000751494
         2     4.886       100         0
         3     9.951     9.951         0
         4   17.2764   17.2764         0
         5   50.7024   50.7024         0
         6       100       100         0
         7       100       100         0
         8       100       100         0
         9   14.2477   14.2477         0
        10   14.2477   14.2477         0
        11   17.2764   17.2764         0
        12    30.523    30.523         0
        13    30.523    30.523         0
        14   11.0175   11.0175         0
        15       100       100         0
        16       100       100         0
        17       100       100         0
        18       100       100         0
        19       100       100         0
        20       100       100         0
        21       100       100         0
        22       100       100         0
        23   11.0175   11.0175         0
        24       100       100         0
Class 10's a bounds are:0------>4.886
Destination Low Bound  Up Bound Demands of this class
         1         0     4.8860.00023873
         2         0     4.886         0
         3         0     9.951         0
         4         0   17.27640.00298474
         5         0   50.7024         0
         6         0       100       0.1
         7         0       100       0.2
         8         0       100       0.3
         9         0   14.24770.00405994
        10         0   14.2477 0.0142098
        11         0   17.27640.00596948
        12         0    30.523 0.0186331
        13         0    30.5230.00931654
        14         0   11.01750.00121385
        15         0       100       0.2
        16         0       100       0.5
        17         0       100       0.6
        18       100       100         0
        19         0       100       0.3
        20         0       100       0.4
        21         0       100       0.1
        22         0       100       0.3
        23         0   11.01750.00121385
        24         0       100         0

--------------Summary for Origin 18 --------------------- 

Destination        Class Number        Range of calss: Trips 
         1                   4                   0-->4.886 : 0.00023873               4.886-->9.951 : 0.000751494               9.951-->74.7659 : 0.0549092             74.7659-->100 : 0.0441006                   
         2                   0                   
         3                   0                   
         4                   4                   0-->17.2764 : 0.00298474             17.2764-->32.8024 : 0.00777523             32.8024-->50.7024 : 0.0149474             50.7024-->100 : 0.0742927                   
         5                   0                   
         6                   1                   0-->100 : 0.1                   
         7                   1                   0-->100 : 0.2                   
         8                   1                   0-->100 : 0.3                   
         9                   3                   0-->14.2477 : 0.00405994             14.2477-->50.7024 : 0.0473547             50.7024-->100 : 0.148585                   
        10                   2                   0-->14.2477 : 0.0142098             14.2477-->100 : 0.68579                   
        11                   2                   0-->17.2764 : 0.00596948             17.2764-->100 : 0.194031                   
        12                   5                   0-->30.523 : 0.0186331              30.523-->32.8024 : 0.00288688             32.8024-->74.7659 : 0.0902788             74.7659-->88.7798 : 0.0458383             88.7798-->100 : 0.0423629                   
        13                   2                   0-->30.523 : 0.00931654              30.523-->100 : 0.0906835                   
        14                   2                   0-->11.0175 : 0.00121385             11.0175-->100 : 0.0987861                   
        15                   1                   0-->100 : 0.2                   
        16                   1                   0-->100 : 0.5                   
        17                   1                   0-->100 : 0.6                   
        18                   0                   
        19                   1                   0-->100 : 0.3                   
        20                   1                   0-->100 : 0.4                   
        21                   1                   0-->100 : 0.1                   
        22                   1                   0-->100 : 0.3                   
        23                   2                   0-->11.0175 : 0.00121385             11.0175-->100 : 0.0987861                   
        24                   0                   
