    Origin         6
Class 1's a bounds are:83.9065------>100
Destination  Low Bound  Up Bound Demands of this class
         1       100       100         0
         2       100       100         0
         3       100       100         0
         4       100       100         0
         5       100       100         0
         6       100       100         0
         7       100       100         0
         8       100       100         0
         9       100       100         0
        10       100       100         0
        11       100       100         0
        12       100       100         0
        13       100       100         0
        14       100       100         0
        15       100       100         0
        16       100       100         0
        17       100       100         0
        18       100       100         0
        19       100       100         0
        20       100       100         0
        21       100       100         0
        22       100       100         0
        23   83.9065       100  0.029597
        24   83.9065       100  0.029597
Class 2's a bounds are:74.7659------>83.9065
Destination  Low Bound  Up Bound Demands of this class
         1   74.7659       100  0.132302
         2       100       100         0
         3   74.7659       100  0.132302
         4       100       100         0
         5       100       100         0
         6       100       100         0
         7       100       100         0
         8       100       100         0
         9       100       100         0
        10       100       100         0
        11       100       100         0
        12   74.7659       100 0.0882012
        13   74.7659       100 0.0882012
        14       100       100         0
        15       100       100         0
        16       100       100         0
        17       100       100         0
        18       100       100         0
        19       100       100         0
        20       100       100         0
        21       100       100         0
        22       100       100         0
        23   74.7659   83.9065 0.0145036
        24   74.7659   83.9065 0.0145036
Class 3's a bounds are:63.1564------>74.7659
Destination  Low Bound  Up Bound Demands of this class
         1   74.7659   74.7659         0
         2       100       100         0
         3   74.7659   74.7659         0
         4       100       100         0
         5       100       100         0
         6       100       100         0
         7       100       100         0
         8       100       100         0
         9       100       100         0
        10       100       100         0
        11       100       100         0
        12   74.7659   74.7659         0
        13   74.7659   74.7659         0
        14       100       100         0
        15   63.1564       100  0.120225
        16       100       100         0
        17       100       100         0
        18       100       100         0
        19   63.1564       100  0.120225
        20       100       100         0
        21       100       100         0
        22       100       100         0
        23   74.7659   74.7659         0
        24   74.7659   74.7659         0
Class 4's a bounds are:41.3825------>63.1564
Destination  Low Bound  Up Bound Demands of this class
         1   74.7659   74.7659         0
         2       100       100         0
         3   74.7659   74.7659         0
         4       100       100         0
         5       100       100         0
         6       100       100         0
         7       100       100         0
         8       100       100         0
         9       100       100         0
        10       100       100         0
        11       100       100         0
        12   74.7659   74.7659         0
        13   74.7659   74.7659         0
        14       100       100         0
        15   63.1564   63.1564         0
        16   41.3825       100  0.745874
        17   41.3825       100  0.414374
        18   41.3825       100 0.0828749
        19   63.1564   63.1564         0
        20       100       100         0
        21       100       100         0
        22       100       100         0
        23   74.7659   74.7659         0
        24   74.7659   74.7659         0
Class 5's a bounds are:29.0986------>41.3825
Destination  Low Bound  Up Bound Demands of this class
         1   74.7659   74.7659         0
         2       100       100         0
         3   74.7659   74.7659         0
         4       100       100         0
         5       100       100         0
         6       100       100         0
         7       100       100         0
         8       100       100         0
         9       100       100         0
        10   29.0986       100  0.732262
        11       100       100         0
        12   74.7659   74.7659         0
        13   74.7659   74.7659         0
        14       100       100         0
        15   63.1564   63.1564         0
        16   41.3825   41.3825         0
        17   29.0986   41.3825 0.0432891
        18   41.3825   41.3825         0
        19   63.1564   63.1564         0
        20       100       100         0
        21       100       100         0
        22       100       100         0
        23   74.7659   74.7659         0
        24   74.7659   74.7659         0
Class 6's a bounds are:0.2201------>29.0986
Destination  Low Bound  Up Bound Demands of this class
         1   74.7659   74.7659         0
         2       100       100         0
         3    0.2201   74.7659  0.167697
         4    0.2201       100  0.399998
         5       100       100         0
         6       100       100         0
         7       100       100         0
         8       100       100         0
         9       100       100         0
        10   29.0986   29.0986         0
        11    0.2201       100  0.399998
        12   74.7659   74.7659         0
        13   74.7659   74.7659         0
        14    0.2201       100 0.0999995
        15   63.1564   63.1564         0
        16   41.3825   41.3825         0
        17   29.0986   29.0986         0
        18   41.3825   41.3825         0
        19   63.1564   63.1564         0
        20       100       100         0
        21       100       100         0
        22       100       100         0
        23   74.7659   74.7659         0
        24   74.7659   74.7659         0
Class 6's a bounds are:0------>0.2201
Destination Low Bound  Up Bound Demands of this class
         1         0   74.7659  0.167698
         2         0       100       0.4
         3         0    0.22011.45332e-006
         4         0    0.22011.93776e-006
         5         0       100       0.2
         6       100       100         0
         7         0       100       0.4
         8         0       100       0.8
         9         0       100       0.4
        10         0   29.0986 0.0677383
        11         0    0.22011.93776e-006
        12         0   74.7659  0.111799
        13         0   74.7659  0.111799
        14         0    0.22014.8444e-007
        15         0   63.1564 0.0797746
        16         0   41.3825  0.154126
        17         0   29.0986 0.0423364
        18         0   41.3825 0.0171251
        19         0   63.1564 0.0797746
        20         0       100       0.3
        21         0       100       0.1
        22         0       100       0.2
        23         0   74.7659 0.0558994
        24         0   74.7659 0.0558994

--------------Summary for Origin 6 --------------------- 

Destination        Class Number        Range of calss: Trips 
         1                   2                   0-->74.7659 : 0.167698             74.7659-->100 : 0.132302                   
         2                   1                   0-->100 : 0.4                   
         3                   3                   0-->0.2201 : 1.45332e-006              0.2201-->74.7659 : 0.167697             74.7659-->100 : 0.132302                   
         4                   2                   0-->0.2201 : 1.93776e-006              0.2201-->100 : 0.399998                   
         5                   1                   0-->100 : 0.2                   
         6                   0                   
         7                   1                   0-->100 : 0.4                   
         8                   1                   0-->100 : 0.8                   
         9                   1                   0-->100 : 0.4                   
        10                   2                   0-->29.0986 : 0.0677383             29.0986-->100 : 0.732262                   
        11                   2                   0-->0.2201 : 1.93776e-006              0.2201-->100 : 0.399998                   
        12                   2                   0-->74.7659 : 0.111799             74.7659-->100 : 0.0882012                   
        13                   2                   0-->74.7659 : 0.111799             74.7659-->100 : 0.0882012                   
        14                   2                   0-->0.2201 : 4.8444e-007              0.2201-->100 : 0.0999995                   
        15                   2                   0-->63.1564 : 0.0797746             63.1564-->100 : 0.120225                   
        16                   2                   0-->41.3825 : 0.154126             41.3825-->100 : 0.745874                   
        17                   3                   0-->29.0986 : 0.0423364             29.0986-->41.3825 : 0.0432891             41.3825-->100 : 0.414374                   
        18                   2                   0-->41.3825 : 0.0171251             41.3825-->100 : 0.0828749                   
        19                   2                   0-->63.1564 : 0.0797746             63.1564-->100 : 0.120225                   
        20                   1                   0-->100 : 0.3                   
        21                   1                   0-->100 : 0.1                   
        22                   1                   0-->100 : 0.2                   
        23                   3                   0-->74.7659 : 0.0558994             74.7659-->83.9065 : 0.0145036             83.9065-->100 : 0.029597                   
        24                   3                   0-->74.7659 : 0.0558994             74.7659-->83.9065 : 0.0145036             83.9065-->100 : 0.029597                   
