    Origin         1
Class 1's a bounds are:62.4207------>100
Destination  Low Bound  Up Bound Demands of this class
         1       100       100         0
         2       100       100         0
         3       100       100         0
         4       100       100         0
         5       100       100         0
         6       100       100         0
         7       100       100         0
         8       100       100         0
         9       100       100         0
        10       100       100         0
        11       100       100         0
        12       100       100         0
        13       100       100         0
        14       100       100         0
        15       100       100         0
        16       100       100         0
        17       100       100         0
        18       100       100         0
        19       100       100         0
        20       100       100         0
        21       100       100         0
        22   62.4207       100  0.244146
        23   62.4207       100   0.18311
        24       100       100         0
Class 2's a bounds are:41.3825------>62.4207
Destination  Low Bound  Up Bound Demands of this class
         1       100       100         0
         2       100       100         0
         3       100       100         0
         4       100       100         0
         5       100       100         0
         6       100       100         0
         7       100       100         0
         8       100       100         0
         9       100       100         0
        10       100       100         0
        11       100       100         0
        12       100       100         0
        13       100       100         0
        14       100       100         0
        15       100       100         0
        16   41.3825       100  0.414374
        17       100       100         0
        18   41.3825       100 0.0828749
        19       100       100         0
        20       100       100         0
        21       100       100         0
        22   62.4207   62.4207         0
        23   62.4207   62.4207         0
        24       100       100         0
Class 3's a bounds are:10.1033------>41.3825
Destination  Low Bound  Up Bound Demands of this class
         1       100       100         0
         2       100       100         0
         3       100       100         0
         4       100       100         0
         5       100       100         0
         6       100       100         0
         7   10.1033       100  0.494896
         8   10.1033       100  0.791834
         9   10.1033       100  0.494896
        10       100       100         0
        11       100       100         0
        12       100       100         0
        13       100       100         0
        14       100       100         0
        15       100       100         0
        16   10.1033   41.3825 0.0805217
        17       100       100         0
        18   10.1033   41.3825 0.0161043
        19       100       100         0
        20   10.1033       100  0.296938
        21       100       100         0
        22   62.4207   62.4207         0
        23   62.4207   62.4207         0
        24       100       100         0
Class 3's a bounds are:0------>10.1033
Destination Low Bound  Up Bound Demands of this class
         1       100       100         0
         2         0       100       0.1
         3         0       100       0.1
         4         0       100       0.5
         5         0       100       0.2
         6         0       100       0.3
         7         0   10.10330.00510383
         8         0   10.10330.00816613
         9         0   10.10330.00510383
        10         0       100       1.3
        11         0       100       0.5
        12         0       100       0.2
        13         0       100       0.5
        14         0       100       0.3
        15         0       100       0.5
        16         0   10.10330.00510383
        17         0       100       0.4
        18         0   10.10330.00102077
        19         0       100       0.3
        20         0   10.1033 0.0030623
        21         0       100       0.1
        22         0   62.4207  0.155854
        23         0   62.4207   0.11689
        24         0       100       0.1

--------------Summary for Origin 1 --------------------- 

Destination        Class Number        Range of calss: Trips 
         1                   0                   
         2                   1                   0-->100 : 0.1                   
         3                   1                   0-->100 : 0.1                   
         4                   1                   0-->100 : 0.5                   
         5                   1                   0-->100 : 0.2                   
         6                   1                   0-->100 : 0.3                   
         7                   2                   0-->10.1033 : 0.00510383             10.1033-->100 : 0.494896                   
         8                   2                   0-->10.1033 : 0.00816613             10.1033-->100 : 0.791834                   
         9                   2                   0-->10.1033 : 0.00510383             10.1033-->100 : 0.494896                   
        10                   1                   0-->100 : 1.3                   
        11                   1                   0-->100 : 0.5                   
        12                   1                   0-->100 : 0.2                   
        13                   1                   0-->100 : 0.5                   
        14                   1                   0-->100 : 0.3                   
        15                   1                   0-->100 : 0.5                   
        16                   3                   0-->10.1033 : 0.00510383             10.1033-->41.3825 : 0.0805217             41.3825-->100 : 0.414374                   
        17                   1                   0-->100 : 0.4                   
        18                   3                   0-->10.1033 : 0.00102077             10.1033-->41.3825 : 0.0161043             41.3825-->100 : 0.0828749                   
        19                   1                   0-->100 : 0.3                   
        20                   2                   0-->10.1033 : 0.0030623             10.1033-->100 : 0.296938                   
        21                   1                   0-->100 : 0.1                   
        22                   2                   0-->62.4207 : 0.155854             62.4207-->100 : 0.244146                   
        23                   2                   0-->62.4207 : 0.11689             62.4207-->100 : 0.18311                   
        24                   1                   0-->100 : 0.1                   
