    Origin         2
Class 1's a bounds are:90.8701------>100
Destination  Low Bound  Up Bound Demands of this class
         1       100       100         0
         2       100       100         0
         3       100       100         0
         4       100       100         0
         5       100       100         0
         6       100       100         0
         7       100       100         0
         8       100       100         0
         9       100       100         0
        10       100       100         0
        11       100       100         0
        12       100       100         0
        13       100       100         0
        14       100       100         0
        15       100       100         0
        16       100       100         0
        17       100       100         0
        18       100       100         0
        19       100       100         0
        20       100       100         0
        21   90.8701       100         0
        22   90.8701       100 0.0174262
        23       100       100         0
        24       100       100         0
Class 2's a bounds are:75.8206------>90.8701
Destination  Low Bound  Up Bound Demands of this class
         1       100       100         0
         2       100       100         0
         3       100       100         0
         4       100       100         0
         5       100       100         0
         6       100       100         0
         7       100       100         0
         8       100       100         0
         9       100       100         0
        10   75.8206       100  0.255074
        11       100       100         0
        12       100       100         0
        13       100       100         0
        14       100       100         0
        15       100       100         0
        16       100       100         0
        17   75.8206       100 0.0850247
        18       100       100         0
        19       100       100         0
        20       100       100         0
        21   90.8701   90.8701         0
        22   90.8701   90.8701         0
        23       100       100         0
        24       100       100         0
Class 3's a bounds are:62.4207------>75.8206
Destination  Low Bound  Up Bound Demands of this class
         1       100       100         0
         2       100       100         0
         3       100       100         0
         4       100       100         0
         5       100       100         0
         6       100       100         0
         7       100       100         0
         8       100       100         0
         9       100       100         0
        10   75.8206   75.8206         0
        11       100       100         0
        12       100       100         0
        13       100       100         0
        14       100       100         0
        15       100       100         0
        16       100       100         0
        17   75.8206   75.8206         0
        18       100       100         0
        19       100       100         0
        20       100       100         0
        21   90.8701   90.8701         0
        22   62.4207   90.8701 0.0436103
        23   62.4207       100         0
        24       100       100         0
Class 4's a bounds are:41.3825------>62.4207
Destination  Low Bound  Up Bound Demands of this class
         1       100       100         0
         2       100       100         0
         3       100       100         0
         4       100       100         0
         5       100       100         0
         6       100       100         0
         7       100       100         0
         8       100       100         0
         9       100       100         0
        10   75.8206   75.8206         0
        11       100       100         0
        12       100       100         0
        13       100       100         0
        14       100       100         0
        15       100       100         0
        16   41.3825       100    0.3315
        17   75.8206   75.8206         0
        18   41.3825       100         0
        19       100       100         0
        20       100       100         0
        21   90.8701   90.8701         0
        22   62.4207   62.4207         0
        23   62.4207   62.4207         0
        24       100       100         0
Class 5's a bounds are:4.9893------>41.3825
Destination  Low Bound  Up Bound Demands of this class
         1       100       100         0
         2       100       100         0
         3       100       100         0
         4       100       100         0
         5       100       100         0
         6       100       100         0
         7    4.9893       100  0.199502
         8    4.9893       100  0.399004
         9    4.9893       100  0.199502
        10   75.8206   75.8206         0
        11       100       100         0
        12       100       100         0
        13       100       100         0
        14       100       100         0
        15       100       100         0
        16    4.9893   41.3825 0.0675047
        17   75.8206   75.8206         0
        18    4.9893   41.3825         0
        19       100       100         0
        20    4.9893       100 0.0997511
        21   90.8701   90.8701         0
        22   62.4207   62.4207         0
        23   62.4207   62.4207         0
        24       100       100         0
Class 5's a bounds are:0------>4.9893
Destination Low Bound  Up Bound Demands of this class
         1         0       100       0.1
         2       100       100         0
         3         0       100       0.1
         4         0       100       0.2
         5         0       100       0.1
         6         0       100       0.4
         7         0    4.98930.000497862
         8         0    4.98930.000995725
         9         0    4.98930.000497862
        10         0   75.8206  0.344926
        11         0       100       0.2
        12         0       100       0.1
        13         0       100       0.3
        14         0       100       0.1
        15         0       100       0.1
        16         0    4.98930.000995725
        17         0   75.8206  0.114975
        18         0    4.9893         0
        19         0       100       0.1
        20         0    4.98930.000248931
        21         0   90.8701         0
        22         0   62.4207 0.0389634
        23         0   62.4207         0
        24         0       100         0

--------------Summary for Origin 2 --------------------- 

Destination        Class Number        Range of calss: Trips 
         1                   1                   0-->100 : 0.1                   
         2                   0                   
         3                   1                   0-->100 : 0.1                   
         4                   1                   0-->100 : 0.2                   
         5                   1                   0-->100 : 0.1                   
         6                   1                   0-->100 : 0.4                   
         7                   2                   0-->4.9893 : 0.000497862              4.9893-->100 : 0.199502                   
         8                   2                   0-->4.9893 : 0.000995725              4.9893-->100 : 0.399004                   
         9                   2                   0-->4.9893 : 0.000497862              4.9893-->100 : 0.199502                   
        10                   2                   0-->75.8206 : 0.344926             75.8206-->100 : 0.255074                   
        11                   1                   0-->100 : 0.2                   
        12                   1                   0-->100 : 0.1                   
        13                   1                   0-->100 : 0.3                   
        14                   1                   0-->100 : 0.1                   
        15                   1                   0-->100 : 0.1                   
        16                   3                   0-->4.9893 : 0.000995725              4.9893-->41.3825 : 0.0675047             41.3825-->100 : 0.3315                   
        17                   2                   0-->75.8206 : 0.114975             75.8206-->100 : 0.0850247                   
        18                   0                   
        19                   1                   0-->100 : 0.1                   
        20                   2                   0-->4.9893 : 0.000248931              4.9893-->100 : 0.0997511                   
        21                   0                   
        22                   3                   0-->62.4207 : 0.0389634             62.4207-->90.8701 : 0.0436103             90.8701-->100 : 0.0174262                   
        23                   0                   
        24                   0                   
