    Origin        20
Class 1's a bounds are:64.2119------>100
Destination  Low Bound  Up Bound Demands of this class
         1       100       100         0
         2       100       100         0
         3       100       100         0
         4       100       100         0
         5       100       100         0
         6       100       100         0
         7       100       100         0
         8       100       100         0
         9       100       100         0
        10   64.2119       100   1.46921
        11   64.2119       100   0.35261
        12       100       100         0
        13       100       100         0
        14       100       100         0
        15   64.2119       100  0.646452
        16       100       100         0
        17       100       100         0
        18       100       100         0
        19       100       100         0
        20       100       100         0
        21       100       100         0
        22       100       100         0
        23       100       100         0
        24       100       100         0
Class 2's a bounds are:50.7024------>64.2119
Destination  Low Bound  Up Bound Demands of this class
         1       100       100         0
         2       100       100         0
         3       100       100         0
         4   50.7024       100  0.222878
         5   50.7024       100 0.0742927
         6       100       100         0
         7       100       100         0
         8       100       100         0
         9   50.7024       100  0.445756
        10   64.2119   64.2119         0
        11   64.2119   64.2119         0
        12       100       100         0
        13       100       100         0
        14       100       100         0
        15   64.2119   64.2119         0
        16       100       100         0
        17       100       100         0
        18       100       100         0
        19       100       100         0
        20       100       100         0
        21       100       100         0
        22       100       100         0
        23       100       100         0
        24       100       100         0
Class 3's a bounds are:46.6613------>50.7024
Destination  Low Bound  Up Bound Demands of this class
         1   46.6613       100  0.234682
         2       100       100         0
         3   46.6613       100         0
         4   50.7024   50.7024         0
         5   50.7024   50.7024         0
         6       100       100         0
         7       100       100         0
         8       100       100         0
         9   50.7024   50.7024         0
        10   64.2119   64.2119         0
        11   64.2119   64.2119         0
        12       100       100         0
        13       100       100         0
        14       100       100         0
        15   64.2119   64.2119         0
        16       100       100         0
        17       100       100         0
        18       100       100         0
        19       100       100         0
        20       100       100         0
        21       100       100         0
        22       100       100         0
        23       100       100         0
        24       100       100         0
Class 4's a bounds are:32.8024------>46.6613
Destination  Low Bound  Up Bound Demands of this class
         1   46.6613   46.6613         0
         2       100       100         0
         3   32.8024   46.6613         0
         4   32.8024   50.7024 0.0448421
         5   50.7024   50.7024         0
         6       100       100         0
         7       100       100         0
         8       100       100         0
         9   50.7024   50.7024         0
        10   64.2119   64.2119         0
        11   64.2119   64.2119         0
        12       100       100         0
        13       100       100         0
        14       100       100         0
        15   64.2119   64.2119         0
        16       100       100         0
        17       100       100         0
        18       100       100         0
        19       100       100         0
        20       100       100         0
        21       100       100         0
        22       100       100         0
        23       100       100         0
        24       100       100         0
Class 5's a bounds are:19.1822------>32.8024
Destination  Low Bound  Up Bound Demands of this class
         1   46.6613   46.6613         0
         2       100       100         0
         3   19.1822   32.8024         0
         4   32.8024   32.8024         0
         5   50.7024   50.7024         0
         6       100       100         0
         7       100       100         0
         8       100       100         0
         9   50.7024   50.7024         0
        10   64.2119   64.2119         0
        11   64.2119   64.2119         0
        12   19.1822       100  0.481602
        13       100       100         0
        14       100       100         0
        15   64.2119   64.2119         0
        16       100       100         0
        17       100       100         0
        18       100       100         0
        19       100       100         0
        20       100       100         0
        21       100       100         0
        22       100       100         0
        23       100       100         0
        24       100       100         0
Class 6's a bounds are:13.2048------>19.1822
Destination  Low Bound  Up Bound Demands of this class
         1   46.6613   46.6613         0
         2       100       100         0
         3   19.1822   19.1822         0
         4   32.8024   32.8024         0
         5   50.7024   50.7024         0
         6       100       100         0
         7       100       100         0
         8       100       100         0
         9   50.7024   50.7024         0
        10   64.2119   64.2119         0
        11   64.2119   64.2119         0
        12   13.2048   19.1822 0.0096795
        13   13.2048       100  0.589538
        14       100       100         0
        15   64.2119   64.2119         0
        16       100       100         0
        17       100       100         0
        18       100       100         0
        19       100       100         0
        20       100       100         0
        21       100       100         0
        22       100       100         0
        23       100       100         0
        24       100       100         0
Class 7's a bounds are:11.0175------>13.2048
Destination  Low Bound  Up Bound Demands of this class
         1   46.6613   46.6613         0
         2       100       100         0
         3   19.1822   19.1822         0
         4   32.8024   32.8024         0
         5   50.7024   50.7024         0
         6       100       100         0
         7       100       100         0
         8       100       100         0
         9   50.7024   50.7024         0
        10   64.2119   64.2119         0
        11   64.2119   64.2119         0
        12   13.2048   13.2048         0
        13   13.2048   13.2048         0
        14   11.0175       100  0.493931
        15   64.2119   64.2119         0
        16       100       100         0
        17       100       100         0
        18       100       100         0
        19       100       100         0
        20       100       100         0
        21       100       100         0
        22       100       100         0
        23   11.0175       100  0.691503
        24       100       100         0
Class 8's a bounds are:10.0969------>11.0175
Destination  Low Bound  Up Bound Demands of this class
         1   46.6613   46.6613         0
         2       100       100         0
         3   19.1822   19.1822         0
         4   10.0969   32.8024 0.0292215
         5   50.7024   50.7024         0
         6       100       100         0
         7       100       100         0
         8       100       100         0
         9   50.7024   50.7024         0
        10   64.2119   64.2119         0
        11   10.0969   64.2119  0.241273
        12   13.2048   13.2048         0
        13   13.2048   13.2048         0
        14   11.0175   11.0175         0
        15   64.2119   64.2119         0
        16       100       100         0
        17       100       100         0
        18       100       100         0
        19       100       100         0
        20       100       100         0
        21       100       100         0
        22       100       100         0
        23   11.0175   11.0175         0
        24       100       100         0
Class 9's a bounds are:9.951------>10.0969
Destination  Low Bound  Up Bound Demands of this class
         1     9.951   46.6613 0.0623476
         2       100       100         0
         3     9.951   19.1822         0
         4   10.0969   10.0969         0
         5   50.7024   50.7024         0
         6       100       100         0
         7       100       100         0
         8       100       100         0
         9   50.7024   50.7024         0
        10   64.2119   64.2119         0
        11   10.0969   10.0969         0
        12   13.2048   13.2048         0
        13   13.2048   13.2048         0
        14   11.0175   11.0175         0
        15   64.2119   64.2119         0
        16       100       100         0
        17       100       100         0
        18       100       100         0
        19       100       100         0
        20       100       100         0
        21       100       100         0
        22       100       100         0
        23   11.0175   11.0175         0
        24       100       100         0
Class 10's a bounds are:4.886------>9.951
Destination  Low Bound  Up Bound Demands of this class
         1     4.886     9.9510.00225448
         2     4.886       100 0.0997613
         3     9.951     9.951         0
         4   10.0969   10.0969         0
         5   50.7024   50.7024         0
         6       100       100         0
         7       100       100         0
         8       100       100         0
         9   50.7024   50.7024         0
        10   64.2119   64.2119         0
        11   10.0969   10.0969         0
        12   13.2048   13.2048         0
        13   13.2048   13.2048         0
        14   11.0175   11.0175         0
        15   64.2119   64.2119         0
        16       100       100         0
        17       100       100         0
        18       100       100         0
        19       100       100         0
        20       100       100         0
        21       100       100         0
        22       100       100         0
        23   11.0175   11.0175         0
        24       100       100         0
Class 11's a bounds are:2.9363------>4.886
Destination  Low Bound  Up Bound Demands of this class
         1     4.886     4.886         0
         2     4.886     4.886         0
         3     9.951     9.951         0
         4   10.0969   10.0969         0
         5   50.7024   50.7024         0
         6       100       100         0
         7       100       100         0
         8       100       100         0
         9    2.9363   50.7024  0.153727
        10    2.9363   64.2119   1.02864
        11   10.0969   10.0969         0
        12   13.2048   13.2048         0
        13   13.2048   13.2048         0
        14   11.0175   11.0175         0
        15   64.2119   64.2119         0
        16       100       100         0
        17       100       100         0
        18       100       100         0
        19       100       100         0
        20       100       100         0
        21       100       100         0
        22       100       100         0
        23   11.0175   11.0175         0
        24       100       100         0
Class 11's a bounds are:0------>2.9363
Destination Low Bound  Up Bound Demands of this class
         1         0     4.8860.00071619
         2         0     4.8860.00023873
         3         0     9.951         0
         4         0   10.09690.00305842
         5         0   50.7024 0.0257073
         6         0       100       0.3
         7         0       100       0.5
         8         0       100       0.9
         9         0    2.93630.000517311
        10         0    2.93630.00215546
        11         0   10.09690.00611684
        12         0   13.20480.00871834
        13         0   13.2048  0.010462
        14         0   11.01750.00606927
        15         0   64.2119  0.453548
        16         0       100       1.6
        17         0       100       1.7
        18         0       100       0.4
        19         0       100       1.2
        20       100       100         0
        21         0       100       1.2
        22         0       100       2.4
        23         0   11.01750.00849697
        24         0       100       0.4

--------------Summary for Origin 20 --------------------- 

Destination        Class Number        Range of calss: Trips 
         1                   4                   0-->4.886 : 0.00071619               4.886-->9.951 : 0.00225448               9.951-->46.6613 : 0.0623476             46.6613-->100 : 0.234682                   
         2                   2                   0-->4.886 : 0.00023873               4.886-->100 : 0.0997613                   
         3                   0                   
         4                   4                   0-->10.0969 : 0.00305842             10.0969-->32.8024 : 0.0292215             32.8024-->50.7024 : 0.0448421             50.7024-->100 : 0.222878                   
         5                   2                   0-->50.7024 : 0.0257073             50.7024-->100 : 0.0742927                   
         6                   1                   0-->100 : 0.3                   
         7                   1                   0-->100 : 0.5                   
         8                   1                   0-->100 : 0.9                   
         9                   3                   0-->2.9363 : 0.000517311              2.9363-->50.7024 : 0.153727             50.7024-->100 : 0.445756                   
        10                   3                   0-->2.9363 : 0.00215546              2.9363-->64.2119 : 1.02864             64.2119-->100 : 1.46921                   
        11                   3                   0-->10.0969 : 0.00611684             10.0969-->64.2119 : 0.241273             64.2119-->100 : 0.35261                   
        12                   3                   0-->13.2048 : 0.00871834             13.2048-->19.1822 : 0.0096795             19.1822-->100 : 0.481602                   
        13                   2                   0-->13.2048 : 0.010462             13.2048-->100 : 0.589538                   
        14                   2                   0-->11.0175 : 0.00606927             11.0175-->100 : 0.493931                   
        15                   2                   0-->64.2119 : 0.453548             64.2119-->100 : 0.646452                   
        16                   1                   0-->100 : 1.6                   
        17                   1                   0-->100 : 1.7                   
        18                   1                   0-->100 : 0.4                   
        19                   1                   0-->100 : 1.2                   
        20                   0                   
        21                   1                   0-->100 : 1.2                   
        22                   1                   0-->100 : 2.4                   
        23                   2                   0-->11.0175 : 0.00849697             11.0175-->100 : 0.691503                   
        24                   1                   0-->100 : 0.4                   
